0	0	0	64	0 1 2 3 4 5 6 7 8 9 10 11 12 13 14 15 16 17 18 19 20 21 22 23 24 25 26 27 28 29 30 31 32 33 34 35 36 37 38 39 40 41 42 43 44 45 46 47 48 49 50 51 52 53 54 55 56 57 58 59 60 61 62 63 
0	0	0	64	0 0.201511 0.585481 0.787282 1.16635 1.34471 1.73052 1.92671 2.313 2.50238 2.94658 3.17031 3.5477 3.78674 4.17538 4.4101 4.80966 5.03376 5.43577 5.6533 6.02115 6.23019 6.59987 6.83154 7.25624 7.49675 7.90452 8.14844 8.54737 8.78048 9.18013 9.40951 9.83011 10.0397 10.4167 10.6552 11.0197 11.2481 11.6218 11.8561 12.265 12.4922 12.8839 13.1373 13.5143 13.7892 14.1895 14.473 14.8507 15.0899 15.493 15.7299 16.128 16.4043 16.8825 17.1709 17.5732 17.8143 18.2281 18.5028 18.9498 19.2295 19.642 19.8443 
0	0	1	63	0 1 2 3 4 5 6 7 8 9 10 11 12 13 14 15 16 17 18 19 20 21 22 23 24 25 26 27 28 29 30 31 32 33 34 35 36 37 38 39 40 41 42 43 44 45 46 47 48 49 50 51 52 53 54 55 56 57 58 59 60 61 62 
0	0	1	63	20.245 20.4963 20.8768 21.1848 21.606 21.9075 22.3037 22.6088 22.9498 23.2409 23.6409 23.9437 24.3107 24.595 24.9505 25.2186 25.5678 25.8676 26.257 26.5383 26.9177 27.1983 27.5639 27.839 28.2189 28.5099 28.8878 29.1651 29.52 29.7806 30.1432 30.44 30.8072 31.0623 31.4263 31.675 32.0325 32.2694 32.6531 32.9284 33.3105 33.576 33.9432 34.1921 34.5416 34.8063 35.1744 35.4357 35.7709 36.0002 36.3391 36.5685 36.8961 37.1213 37.4872 37.7626 38.1127 38.3401 38.7169 38.9349 39.2819 39.5271 39.8925 
0	1	0	64	0 1 2 3 4 5 6 7 8 9 10 11 12 13 14 15 16 17 18 19 20 21 22 23 24 25 26 27 28 29 30 31 32 33 34 35 36 37 38 39 40 41 42 43 44 45 46 47 48 49 50 51 52 53 54 55 56 57 58 59 60 61 62 63 
0	1	0	64	0 0.173925 0.606289 0.783999 1.16112 1.32283 1.73623 1.92216 2.33451 2.4984 2.97465 3.15926 3.5688 3.77425 4.19164 4.40847 4.82187 5.02687 5.44103 5.65786 6.03425 6.24056 6.62147 6.84278 7.26849 7.49293 7.92421 8.15836 8.55766 8.77124 9.19997 9.41672 9.84656 10.0456 10.4377 10.6562 11.0391 11.2474 11.6488 11.8849 12.2904 12.5032 12.9051 13.1501 13.5211 13.7951 14.2152 14.4937 14.8681 15.0912 15.5089 15.7362 16.1479 16.4179 16.9034 17.1818 17.6195 17.8263 18.2792 18.5272 18.9767 19.2556 19.6812 19.8678 
0	1	1	61	0 1 2 3 4 5 6 7 8 9 10 11 12 13 14 15 16 17 18 19 20 21 22 23 24 25 26 27 28 29 30 31 32 33 34 35 36 37 38 39 40 41 42 43 44 45 46 47 49 51 52 53 54 55 56 57 58 59 60 61 62 
0	1	1	61	20.2873 20.5038 20.934 21.206 21.6546 21.9302 22.3634 22.6246 23.0096 23.2559 23.7032 23.9668 24.3607 24.6127 25.0217 25.2415 25.6369 25.8945 26.3192 26.5696 26.9665 27.2224 27.6737 27.8741 28.3227 28.5413 28.9753 29.1886 29.5913 29.8041 30.2364 30.4677 30.9234 31.0854 31.5584 31.7178 32.0995 32.3096 32.7742 32.9673 33.4108 33.5944 34.0525 34.2212 34.6263 34.8336 35.2878 35.4741 36.0447 36.6205 37.017 37.1679 37.5643 37.7909 38.1893 38.3678 38.798 38.9748 39.375 39.5656 39.9862 
0	2	0	32	1 3 5 7 9 11 13 15 17 19 21 23 25 27 29 31 33 35 37 39 41 43 45 47 49 51 53 55 57 59 61 63 
0	2	0	32	0.138044 0.732785 1.28105 1.89363 2.46893 3.13746 3.74796 4.38232 5.00799 5.62188 6.21271 6.84942 7.48798 8.13554 8.76093 9.41671 10.0415 10.6603 11.248 11.8886 12.4943 13.1469 13.7972 14.5106 15.0936 15.7413 16.4269 17.2045 17.8632 18.5622 19.2997 19.8998 
0	2	1	31	1 3 5 7 9 11 13 15 17 19 21 23 25 27 29 31 33 35 37 39 41 43 45 47 49 51 53 55 57 59 61 
0	2	1	31	20.5194 21.2214 21.9394 22.6323 23.291 23.9952 24.643 25.2935 25.9298 26.6045 27.254 27.9348 28.5983 29.2427 29.8574 30.5389 31.1643 31.7911 32.3941 33.0502 33.6738 34.3066 34.9225 35.5677 36.1492 36.7084 37.2653 37.8715 38.4651 39.0539 39.6664 
0	3	0	32	1 3 5 7 9 11 13 15 17 19 21 23 25 27 29 31 33 35 37 39 41 43 45 47 49 51 53 55 57 59 61 63 
0	3	0	32	0.057434 0.668008 1.21285 1.82225 2.39847 3.07283 3.68625 4.33328 4.93747 5.58783 6.15877 6.7761 7.42837 8.09644 8.72881 9.37296 10.0208 10.6528 11.2357 11.8682 12.4915 13.1441 13.7871 14.4705 15.1021 15.7231 16.3977 17.1811 17.8943 18.5998 19.3096 19.9189 
0	3	1	31	1 3 5 7 9 11 13 15 17 19 21 23 25 27 29 31 33 35 37 39 41 43 45 47 49 51 53 55 57 59 61 
0	3	1	31	20.5107 21.2159 21.9442 22.6561 23.2876 23.9991 24.6318 25.2678 25.952 26.6085 27.2658 27.9082 28.5977 29.2442 29.8645 30.5174 31.1661 31.8181 32.4275 33.0452 33.7005 34.3145 34.9385 35.5589 36.2091 36.7448 37.2911 37.8866 38.4987 39.0934 39.73 
0	4	0	32	1 3 5 7 9 11 13 15 17 19 21 23 25 27 29 31 33 35 37 39 41 43 45 47 49 51 53 55 57 59 61 63 
0	4	0	32	-0.04478 0.569021 1.12901 1.68823 2.25532 2.95962 3.58532 4.21488 4.84253 5.49579 6.10865 6.6703 7.31602 7.99369 8.64986 9.27449 9.97799 10.5827 11.1782 11.7667 12.3924 13.059 13.7158 14.3541 15.0432 15.6572 16.333 17.0863 17.8328 18.517 19.3132 19.8368 
0	4	1	31	1 3 5 7 9 11 13 15 17 19 21 23 25 27 29 31 33 35 37 39 41 43 45 47 49 51 53 55 57 59 61 
0	4	1	31	20.4349 21.127 21.8933 22.5315 23.2159 23.9095 24.5808 25.1822 25.8835 26.5264 27.2191 27.7965 28.5317 29.1747 29.8556 30.4348 31.1322 31.741 32.3429 32.9308 33.6595 34.2394 34.8981 35.4744 36.1851 36.6581 37.2283 37.7979 38.4391 39.0374 39.6908 
0	5	0	32	1 3 5 7 9 11 13 15 17 19 21 23 25 27 29 31 33 35 37 39 41 43 45 47 49 51 53 55 57 59 61 63 
0	5	0	32	-0.186589 0.367652 0.954055 1.52635 2.0657 2.78377 3.40023 4.0362 4.70715 5.35015 5.94796 6.4779 7.15337 7.82801 8.49182 9.10929 9.83068 10.436 11.025 11.5696 12.275 12.9094 13.5499 14.2131 14.8986 15.5127 16.1905 16.9214 17.6862 18.3602 19.189 19.6705 
0	5	1	31	1 3 5 7 9 11 13 15 17 19 21 23 25 27 29 31 33 35 37 39 41 43 45 47 49 51 53 55 57 59 61 
0	5	1	31	20.2747 20.9593 21.7613 22.3509 23.0798 23.7465 24.4437 25.0084 25.7508 26.3987 27.0607 27.617 28.3905 29.0311 29.6945 30.2389 31.0251 31.5916 32.2048 32.7243 33.5468 34.0714 34.7471 35.2984 36.053 36.5166 37.0955 37.5959 38.3225 38.8704 39.5138 
0	6	0	64	0 1 2 3 4 5 6 7 8 9 10 11 12 13 14 15 16 17 18 19 20 21 22 23 24 25 26 27 28 29 30 31 32 33 34 35 36 37 38 39 40 41 42 43 44 45 46 47 48 49 50 51 52 53 54 55 56 57 58 59 60 61 62 63 
0	6	0	64	0 0.3125 0.625 0.9375 1.25 1.5625 1.875 2.1875 2.5 2.8125 3.125 3.4375 3.75 4.0625 4.375 4.6875 5 5.3125 5.625 5.9375 6.25 6.5625 6.875 7.1875 7.5 7.8125 8.125 8.4375 8.75 9.0625 9.375 9.6875 10 10.3125 10.625 10.9375 11.25 11.5625 11.875 12.1875 12.5 12.8125 13.125 13.4375 13.75 14.0625 14.375 14.6875 15 15.3125 15.625 15.9375 16.25 16.5625 16.875 17.1875 17.5 17.8125 18.125 18.4375 18.75 19.0625 19.375 19.6875 
0	6	1	64	0 1 2 3 4 5 6 7 8 9 10 11 12 13 14 15 16 17 18 19 20 21 22 23 24 25 26 27 28 29 30 31 32 33 34 35 36 37 38 39 40 41 42 43 44 45 46 47 48 49 50 51 52 53 54 55 56 57 58 59 60 61 62 63 
0	6	1	64	20 20.3125 20.625 20.9375 21.25 21.5625 21.875 22.1875 22.5 22.8125 23.125 23.4375 23.75 24.0625 24.375 24.6875 25 25.3125 25.625 25.9375 26.25 26.5625 26.875 27.1875 27.5 27.8125 28.125 28.4375 28.75 29.0625 29.375 29.6875 30 30.3125 30.625 30.9375 31.25 31.5625 31.875 32.1875 32.5 32.8125 33.125 33.4375 33.75 34.0625 34.375 34.6875 35 35.3125 35.625 35.9375 36.25 36.5625 36.875 37.1875 37.5 37.8125 38.125 38.4375 38.75 39.0625 39.375 39.6875 
0	7	0	64	0 1 2 3 4 5 6 7 8 9 10 11 12 13 14 15 16 17 18 19 20 21 22 23 24 25 26 27 28 29 30 31 32 33 34 35 36 37 38 39 40 41 42 43 44 45 46 47 48 49 50 51 52 53 54 55 56 57 58 59 60 61 62 63 
0	7	0	64	0 0.3125 0.625 0.9375 1.25 1.5625 1.875 2.1875 2.5 2.8125 3.125 3.4375 3.75 4.0625 4.375 4.6875 5 5.3125 5.625 5.9375 6.25 6.5625 6.875 7.1875 7.5 7.8125 8.125 8.4375 8.75 9.0625 9.375 9.6875 10 10.3125 10.625 10.9375 11.25 11.5625 11.875 12.1875 12.5 12.8125 13.125 13.4375 13.75 14.0625 14.375 14.6875 15 15.3125 15.625 15.9375 16.25 16.5625 16.875 17.1875 17.5 17.8125 18.125 18.4375 18.75 19.0625 19.375 19.6875 
0	7	1	64	0 1 2 3 4 5 6 7 8 9 10 11 12 13 14 15 16 17 18 19 20 21 22 23 24 25 26 27 28 29 30 31 32 33 34 35 36 37 38 39 40 41 42 43 44 45 46 47 48 49 50 51 52 53 54 55 56 57 58 59 60 61 62 63 
0	7	1	64	20 20.3125 20.625 20.9375 21.25 21.5625 21.875 22.1875 22.5 22.8125 23.125 23.4375 23.75 24.0625 24.375 24.6875 25 25.3125 25.625 25.9375 26.25 26.5625 26.875 27.1875 27.5 27.8125 28.125 28.4375 28.75 29.0625 29.375 29.6875 30 30.3125 30.625 30.9375 31.25 31.5625 31.875 32.1875 32.5 32.8125 33.125 33.4375 33.75 34.0625 34.375 34.6875 35 35.3125 35.625 35.9375 36.25 36.5625 36.875 37.1875 37.5 37.8125 38.125 38.4375 38.75 39.0625 39.375 39.6875 
1	0	0	64	0 1 2 3 4 5 6 7 8 9 10 11 12 13 14 15 16 17 18 19 20 21 22 23 24 25 26 27 28 29 30 31 32 33 34 35 36 37 38 39 40 41 42 43 44 45 46 47 48 49 50 51 52 53 54 55 56 57 58 59 60 61 62 63 
1	0	0	64	0 0.188536 0.605459 0.794127 1.18859 1.35311 1.76745 1.95923 2.36431 2.55748 2.97267 3.17428 3.55879 3.73899 4.10479 4.36145 4.76503 4.97643 5.40746 5.61644 6.00088 6.19001 6.55603 6.80424 7.21217 7.44129 7.85452 8.09285 8.51093 8.74243 9.15368 9.39626 9.81368 10.0182 10.4181 10.6705 11.0654 11.2673 11.6612 11.9206 12.311 12.5356 12.9425 13.2012 13.5826 13.867 14.2955 14.5623 14.9592 15.1953 15.5884 15.8323 16.2711 16.5261 16.9731 17.2365 17.6842 17.9124 18.3316 18.5974 19.0068 19.2756 19.6736 19.8674 
1	0	1	63	0 1 2 3 4 5 6 7 8 9 10 11 12 13 14 15 16 17 18 19 20 21 22 23 24 25 26 27 28 29 30 31 32 33 34 35 36 37 38 39 40 41 42 43 44 45 46 47 48 49 50 51 52 53 54 55 56 57 58 59 60 61 62 
1	0	1	63	20.2871 20.521 20.9327 21.227 21.6606 21.9523 22.3817 22.6427 23.0138 23.2826 23.6972 23.9628 24.3677 24.618 25.0312 25.2561 25.6462 25.902 26.3377 26.5569 26.9568 27.2025 27.5893 27.8588 28.2667 28.5025 28.9201 29.1528 29.5267 29.7572 30.1878 30.4047 30.8375 31.0302 31.4381 31.6522 32.0264 32.2146 32.6403 32.8833 33.3308 33.5176 33.95 34.162 34.5512 34.7493 35.1841 35.3916 35.7832 35.9838 36.3927 36.5569 36.903 37.1017 37.4749 37.7061 38.0738 38.2873 38.7043 38.9019 39.2461 39.4708 39.8527 
1	1	0	61	0 1 2 3 4 5 6 7 8 9 10 11 12 13 14 15 16 17 18 19 20 21 22 23 24 25 26 27 28 29 30 31 33 34 35 36 37 38 39 40 41 42 43 44 45 46 47 48 49 50 51 52 53 54 55 57 58 59 60 61 63 
1	1	0	61	0 0.171815 0.632356 0.765863 1.22344 1.35264 1.77862 1.97278 2.40646 2.55328 2.99994 3.16581 3.59609 3.74428 4.15792 4.36204 4.81994 4.9915 5.45849 5.62288 6.04369 6.19325 6.60646 6.81964 7.30187 7.45469 7.90735 8.10722 8.54844 8.74407 9.23519 9.42368 10.0376 10.5065 10.6973 11.117 11.3013 11.7528 11.9496 12.437 12.5643 13.0448 13.2297 13.6692 13.8905 14.4277 14.6125 15.054 15.219 15.6715 15.8618 16.3931 16.5707 17.0995 17.2973 18.0102 18.5464 18.6906 19.1671 19.3432 19.9407 
1	1	1	33	1 2 3 4 5 7 9 11 13 15 17 19 21 23 25 27 29 31 33 35 37 39 41 43 45 47 49 51 53 55 57 59 61 
1	1	1	33	20.5534 21.0856 21.2603 21.8105 21.9872 22.6895 23.3576 24.0276 24.6688 25.3228 25.9706 26.6359 27.2754 27.9542 28.6049 29.2342 29.833 30.5069 31.1222 31.7448 32.326 32.9859 33.6327 34.2764 34.8868 35.5268 36.0999 36.6823 37.2392 37.8319 38.3903 39.0153 39.6238 
1	2	0	31	1 3 5 7 9 11 13 15 17 19 21 23 25 27 29 31 33 35 37 39 41 43 45 47 49 51 53 55 57 59 61 
1	2	0	31	0.101444 0.734956 1.33288 1.94129 2.56523 3.1398 3.71801 4.35999 4.98537 5.62654 6.21118 6.82025 7.45972 8.10648 8.77138 9.44493 10.084 10.7376 11.3696 12.006 12.618 13.2935 13.931 14.6542 15.275 15.9503 16.6489 17.3359 18.1397 18.8109 19.4742 
1	2	1	31	1 3 5 7 9 11 13 15 17 19 21 23 25 27 29 31 33 35 37 39 41 43 45 47 49 51 53 55 57 59 61 
1	2	1	31	20.605 21.3227 22.0588 22.7692 23.4507 24.0929 24.7335 25.4 26.061 26.7162 27.344 28.0429 28.678 29.3239 29.9508 30.6045 31.231 31.8597 32.4499 33.0697 33.7428 34.4075 35.019 35.6048 36.2404 36.7891 37.3643 37.9107 38.5113 39.1466 39.7782 
1	3	0	32	1 3 5 7 9 11 13 15 17 19 21 23 25 27 29 31 33 35 37 39 41 43 45 47 49 51 53 55 57 59 61 63 
1	3	0	32	-0.056511 0.589839 1.17067 1.79004 2.41105 3.01256 3.58028 4.20641 4.81739 5.50304 6.07622 6.67027 7.36206 7.97648 8.65118 9.31937 9.97947 10.613 11.2851 11.8765 12.5075 13.2031 13.8222 14.5493 15.1798 15.8698 16.5892 17.2247 18.066 18.7587 19.4409 19.9106 
1	3	1	31	1 3 5 7 9 11 13 15 17 19 21 23 25 27 29 31 33 35 37 39 41 43 45 47 49 51 53 55 57 59 61 
1	3	1	31	20.5116 21.1872 21.9362 22.6424 23.3741 24.0079 24.6455 25.2569 25.9955 26.6125 27.2807 27.909 28.6187 29.2323 29.8942 30.4563 31.1751 31.7795 32.3582 32.9353 33.6589 34.3275 34.9904 35.51 36.1628 36.7244 37.3095 37.8215 38.4242 39.0785 39.7081 
1	4	0	32	1 3 5 7 9 11 13 15 17 19 21 23 25 27 29 31 33 35 37 39 41 43 45 47 49 51 53 55 57 59 61 63 
1	4	0	32	0.3125 0.9375 1.5625 2.1875 2.8125 3.4375 4.0625 4.6875 5.3125 5.9375 6.5625 7.1875 7.8125 8.4375 9.0625 9.6875 10.3125 10.9375 11.5625 12.1875 12.8125 13.4375 14.0625 14.6875 15.3125 15.9375 16.5625 17.1875 17.8125 18.4375 19.0625 19.6875 
1	4	1	32	1 3 5 7 9 11 13 15 17 19 21 23 25 27 29 31 33 35 37 39 41 43 45 47 49 51 53 55 57 59 61 63 
1	4	1	32	20.3125 20.9375 21.5625 22.1875 22.8125 23.4375 24.0625 24.6875 25.3125 25.9375 26.5625 27.1875 27.8125 28.4375 29.0625 29.6875 30.3125 30.9375 31.5625 32.1875 32.8125 33.4375 34.0625 34.6875 35.3125 35.9375 36.5625 37.1875 37.8125 38.4375 39.0625 39.6875 
1	5	0	32	1 3 5 7 9 11 13 15 17 19 21 23 25 27 29 31 33 35 37 39 41 43 45 47 49 51 53 55 57 59 61 63 
1	5	0	32	0.3125 0.9375 1.5625 2.1875 2.8125 3.4375 4.0625 4.6875 5.3125 5.9375 6.5625 7.1875 7.8125 8.4375 9.0625 9.6875 10.3125 10.9375 11.5625 12.1875 12.8125 13.4375 14.0625 14.6875 15.3125 15.9375 16.5625 17.1875 17.8125 18.4375 19.0625 19.6875 
1	5	1	32	1 3 5 7 9 11 13 15 17 19 21 23 25 27 29 31 33 35 37 39 41 43 45 47 49 51 53 55 57 59 61 63 
1	5	1	32	20.3125 20.9375 21.5625 22.1875 22.8125 23.4375 24.0625 24.6875 25.3125 25.9375 26.5625 27.1875 27.8125 28.4375 29.0625 29.6875 30.3125 30.9375 31.5625 32.1875 32.8125 33.4375 34.0625 34.6875 35.3125 35.9375 36.5625 37.1875 37.8125 38.4375 39.0625 39.6875 
1	6	0	64	0 1 2 3 4 5 6 7 8 9 10 11 12 13 14 15 16 17 18 19 20 21 22 23 24 25 26 27 28 29 30 31 32 33 34 35 36 37 38 39 40 41 42 43 44 45 46 47 48 49 50 51 52 53 54 55 56 57 58 59 60 61 62 63 
1	6	0	64	0 0.3125 0.625 0.9375 1.25 1.5625 1.875 2.1875 2.5 2.8125 3.125 3.4375 3.75 4.0625 4.375 4.6875 5 5.3125 5.625 5.9375 6.25 6.5625 6.875 7.1875 7.5 7.8125 8.125 8.4375 8.75 9.0625 9.375 9.6875 10 10.3125 10.625 10.9375 11.25 11.5625 11.875 12.1875 12.5 12.8125 13.125 13.4375 13.75 14.0625 14.375 14.6875 15 15.3125 15.625 15.9375 16.25 16.5625 16.875 17.1875 17.5 17.8125 18.125 18.4375 18.75 19.0625 19.375 19.6875 
1	6	1	64	0 1 2 3 4 5 6 7 8 9 10 11 12 13 14 15 16 17 18 19 20 21 22 23 24 25 26 27 28 29 30 31 32 33 34 35 36 37 38 39 40 41 42 43 44 45 46 47 48 49 50 51 52 53 54 55 56 57 58 59 60 61 62 63 
1	6	1	64	20 20.3125 20.625 20.9375 21.25 21.5625 21.875 22.1875 22.5 22.8125 23.125 23.4375 23.75 24.0625 24.375 24.6875 25 25.3125 25.625 25.9375 26.25 26.5625 26.875 27.1875 27.5 27.8125 28.125 28.4375 28.75 29.0625 29.375 29.6875 30 30.3125 30.625 30.9375 31.25 31.5625 31.875 32.1875 32.5 32.8125 33.125 33.4375 33.75 34.0625 34.375 34.6875 35 35.3125 35.625 35.9375 36.25 36.5625 36.875 37.1875 37.5 37.8125 38.125 38.4375 38.75 39.0625 39.375 39.6875 
1	7	0	64	0 1 2 3 4 5 6 7 8 9 10 11 12 13 14 15 16 17 18 19 20 21 22 23 24 25 26 27 28 29 30 31 32 33 34 35 36 37 38 39 40 41 42 43 44 45 46 47 48 49 50 51 52 53 54 55 56 57 58 59 60 61 62 63 
1	7	0	64	0 0.3125 0.625 0.9375 1.25 1.5625 1.875 2.1875 2.5 2.8125 3.125 3.4375 3.75 4.0625 4.375 4.6875 5 5.3125 5.625 5.9375 6.25 6.5625 6.875 7.1875 7.5 7.8125 8.125 8.4375 8.75 9.0625 9.375 9.6875 10 10.3125 10.625 10.9375 11.25 11.5625 11.875 12.1875 12.5 12.8125 13.125 13.4375 13.75 14.0625 14.375 14.6875 15 15.3125 15.625 15.9375 16.25 16.5625 16.875 17.1875 17.5 17.8125 18.125 18.4375 18.75 19.0625 19.375 19.6875 
1	7	1	64	0 1 2 3 4 5 6 7 8 9 10 11 12 13 14 15 16 17 18 19 20 21 22 23 24 25 26 27 28 29 30 31 32 33 34 35 36 37 38 39 40 41 42 43 44 45 46 47 48 49 50 51 52 53 54 55 56 57 58 59 60 61 62 63 
1	7	1	64	20 20.3125 20.625 20.9375 21.25 21.5625 21.875 22.1875 22.5 22.8125 23.125 23.4375 23.75 24.0625 24.375 24.6875 25 25.3125 25.625 25.9375 26.25 26.5625 26.875 27.1875 27.5 27.8125 28.125 28.4375 28.75 29.0625 29.375 29.6875 30 30.3125 30.625 30.9375 31.25 31.5625 31.875 32.1875 32.5 32.8125 33.125 33.4375 33.75 34.0625 34.375 34.6875 35 35.3125 35.625 35.9375 36.25 36.5625 36.875 37.1875 37.5 37.8125 38.125 38.4375 38.75 39.0625 39.375 39.6875 
2	0	0	64	0 1 2 3 4 5 6 7 8 9 10 11 12 13 14 15 16 17 18 19 20 21 22 23 24 25 26 27 28 29 30 31 32 33 34 35 36 37 38 39 40 41 42 43 44 45 46 47 48 49 50 51 52 53 54 55 56 57 58 59 60 61 62 63 
2	0	0	64	0 0.180856 0.592493 0.77563 1.17402 1.3454 1.71822 1.91895 2.30531 2.49666 2.92527 3.12906 3.53584 3.75529 4.13544 4.36654 4.77841 4.9772 5.36122 5.58456 5.96202 6.1876 6.5521 6.79619 7.19651 7.42048 7.83909 8.08029 8.48307 8.71241 9.11839 9.35431 9.76776 9.97353 10.3575 10.5972 10.9686 11.1898 11.5721 11.814 12.2256 12.4622 12.8575 13.1077 13.5046 13.7725 14.1604 14.432 14.8401 15.0904 15.5023 15.7527 16.146 16.4297 16.8816 17.1634 17.5902 17.8351 18.2643 18.5197 18.9197 19.1907 19.5913 19.7936 
2	0	1	63	0 1 2 3 4 5 6 7 8 9 10 11 12 13 14 15 16 17 18 19 20 21 22 23 24 25 26 27 28 29 30 31 32 33 34 35 36 37 38 39 40 41 42 43 44 45 46 47 48 49 50 51 52 53 54 55 56 57 58 59 60 61 62 
2	0	1	63	20.1938 20.4312 20.7993 21.0804 21.5129 21.8007 22.2229 22.4901 22.8475 23.1148 23.5185 23.8342 24.2324 24.49 24.8763 25.1417 25.51 25.7791 26.1821 26.4454 26.8492 27.1226 27.4964 27.7617 28.1275 28.4161 28.8409 29.1154 29.4808 29.7153 30.1271 30.3662 30.7366 30.9749 31.3671 31.6057 31.9848 32.2126 32.6196 32.8936 33.2503 33.4925 33.8955 34.1153 34.4858 34.6954 35.1274 35.363 35.7364 35.9429 36.3505 36.5148 36.849 37.0709 37.442 37.7003 38.0559 38.2866 38.69 38.8844 39.2249 39.4572 39.8119 
2	1	0	63	0 1 2 3 4 5 6 7 8 9 10 11 12 13 14 15 16 17 18 19 20 21 22 23 24 25 26 27 28 29 30 31 33 34 35 36 37 38 39 40 41 42 43 44 45 46 47 48 49 50 51 52 53 54 55 56 57 58 59 60 61 62 63 
2	1	0	63	0 0.186729 0.638106 0.78847 1.20693 1.34298 1.74553 1.92544 2.35123 2.50642 2.96272 3.14154 3.56178 3.75228 4.18457 4.39232 4.84102 4.98618 5.41343 5.597 6.01691 6.20462 6.60518 6.81564 7.25653 7.45646 7.91056 8.11063 8.54604 8.73666 9.17919 9.37591 10.0046 10.4478 10.6266 11.0366 11.2161 11.6642 11.8586 12.3004 12.4789 12.9347 13.1517 13.6069 13.8176 14.2699 14.4676 14.9528 15.1189 15.5631 15.7708 16.2106 16.4658 16.9911 17.2205 17.771 17.9042 18.4278 18.5975 19.0509 19.2617 19.7471 19.8716 
2	1	1	43	0 1 2 3 4 5 6 7 8 9 10 11 12 13 14 15 16 17 18 19 20 21 23 24 25 27 29 31 33 35 37 39 41 43 45 47 49 51 53 55 57 59 61 
2	1	1	43	20.3377 20.4582 20.9497 21.1227 21.6239 21.8512 22.3752 22.5469 23.0283 23.1596 23.7089 23.8927 24.4154 24.5399 25.0309 25.1944 25.7136 25.8344 26.3512 26.4949 27.0419 27.1829 27.8513 28.3362 28.4782 29.1876 29.7922 30.4444 31.0568 31.6924 32.308 32.9675 33.603 34.2176 34.8267 35.478 36.0708 36.6431 37.1912 37.793 38.385 39.0054 39.5622 
2	2	0	32	1 3 5 7 9 11 13 15 17 19 21 23 25 27 29 31 33 35 37 39 41 43 45 47 49 51 53 55 57 59 61 63 
2	2	0	32	0.087235 0.702976 1.2833 1.82722 2.45167 3.08863 3.67922 4.32572 4.94567 5.54674 6.14192 6.74726 7.43222 8.0891 8.70781 9.35564 9.99642 10.6314 11.2076 11.8689 12.4907 13.1508 13.8158 14.4736 15.1439 15.7825 16.4546 17.2418 17.9986 18.6704 19.3427 19.9267 
2	2	1	31	1 3 5 7 9 11 13 15 17 19 21 23 25 27 29 31 33 35 37 39 41 43 45 47 49 51 53 55 57 59 61 
2	2	1	31	20.4783 21.1388 21.8743 22.5628 23.1909 23.939 24.5753 25.2124 25.885 26.5376 27.2594 27.887 28.5357 29.2229 29.8327 30.4904 31.1146 31.77 32.3809 33.0375 33.6659 34.2915 34.9126 35.5428 36.1397 36.7107 37.2688 37.8673 38.4564 39.0724 39.6563 
2	3	0	32	1 3 5 7 9 11 13 15 17 19 21 23 25 27 29 31 33 35 37 39 41 43 45 47 49 51 53 55 57 59 61 63 
2	3	0	32	-0.030876 0.57285 1.17404 1.71774 2.32299 2.99611 3.59266 4.2084 4.87965 5.44868 6.05023 6.65479 7.3298 7.99835 8.61904 9.25747 9.9421 10.5443 11.1494 11.7673 12.4259 13.1066 13.7567 14.3756 15.0845 15.6975 16.3918 17.153 17.9711 18.6259 19.3488 19.8375 
2	3	1	31	1 3 5 7 9 11 13 15 17 19 21 23 25 27 29 31 33 35 37 39 41 43 45 47 49 51 53 55 57 59 61 
2	3	1	31	20.3948 21.0672 21.8329 22.4619 23.1211 23.8774 24.5072 25.1 25.825 26.4733 27.2198 27.7925 28.4865 29.1587 29.7568 30.3994 31.0697 31.698 32.3649 32.9298 33.6265 34.2357 34.8521 35.4514 36.1308 36.6613 37.2294 37.7799 38.4413 38.9941 39.6113 
2	4	0	32	1 3 5 7 9 11 13 15 17 19 21 23 25 27 29 31 33 35 37 39 41 43 45 47 49 51 53 55 57 59 61 63 
2	4	0	32	0.3125 0.9375 1.5625 2.1875 2.8125 3.4375 4.0625 4.6875 5.3125 5.9375 6.5625 7.1875 7.8125 8.4375 9.0625 9.6875 10.3125 10.9375 11.5625 12.1875 12.8125 13.4375 14.0625 14.6875 15.3125 15.9375 16.5625 17.1875 17.8125 18.4375 19.0625 19.6875 
2	4	1	32	1 3 5 7 9 11 13 15 17 19 21 23 25 27 29 31 33 35 37 39 41 43 45 47 49 51 53 55 57 59 61 63 
2	4	1	32	20.3125 20.9375 21.5625 22.1875 22.8125 23.4375 24.0625 24.6875 25.3125 25.9375 26.5625 27.1875 27.8125 28.4375 29.0625 29.6875 30.3125 30.9375 31.5625 32.1875 32.8125 33.4375 34.0625 34.6875 35.3125 35.9375 36.5625 37.1875 37.8125 38.4375 39.0625 39.6875 
2	5	0	32	1 3 5 7 9 11 13 15 17 19 21 23 25 27 29 31 33 35 37 39 41 43 45 47 49 51 53 55 57 59 61 63 
2	5	0	32	0.3125 0.9375 1.5625 2.1875 2.8125 3.4375 4.0625 4.6875 5.3125 5.9375 6.5625 7.1875 7.8125 8.4375 9.0625 9.6875 10.3125 10.9375 11.5625 12.1875 12.8125 13.4375 14.0625 14.6875 15.3125 15.9375 16.5625 17.1875 17.8125 18.4375 19.0625 19.6875 
2	5	1	32	1 3 5 7 9 11 13 15 17 19 21 23 25 27 29 31 33 35 37 39 41 43 45 47 49 51 53 55 57 59 61 63 
2	5	1	32	20.3125 20.9375 21.5625 22.1875 22.8125 23.4375 24.0625 24.6875 25.3125 25.9375 26.5625 27.1875 27.8125 28.4375 29.0625 29.6875 30.3125 30.9375 31.5625 32.1875 32.8125 33.4375 34.0625 34.6875 35.3125 35.9375 36.5625 37.1875 37.8125 38.4375 39.0625 39.6875 
2	6	0	64	0 1 2 3 4 5 6 7 8 9 10 11 12 13 14 15 16 17 18 19 20 21 22 23 24 25 26 27 28 29 30 31 32 33 34 35 36 37 38 39 40 41 42 43 44 45 46 47 48 49 50 51 52 53 54 55 56 57 58 59 60 61 62 63 
2	6	0	64	0 0.3125 0.625 0.9375 1.25 1.5625 1.875 2.1875 2.5 2.8125 3.125 3.4375 3.75 4.0625 4.375 4.6875 5 5.3125 5.625 5.9375 6.25 6.5625 6.875 7.1875 7.5 7.8125 8.125 8.4375 8.75 9.0625 9.375 9.6875 10 10.3125 10.625 10.9375 11.25 11.5625 11.875 12.1875 12.5 12.8125 13.125 13.4375 13.75 14.0625 14.375 14.6875 15 15.3125 15.625 15.9375 16.25 16.5625 16.875 17.1875 17.5 17.8125 18.125 18.4375 18.75 19.0625 19.375 19.6875 
2	6	1	64	0 1 2 3 4 5 6 7 8 9 10 11 12 13 14 15 16 17 18 19 20 21 22 23 24 25 26 27 28 29 30 31 32 33 34 35 36 37 38 39 40 41 42 43 44 45 46 47 48 49 50 51 52 53 54 55 56 57 58 59 60 61 62 63 
2	6	1	64	20 20.3125 20.625 20.9375 21.25 21.5625 21.875 22.1875 22.5 22.8125 23.125 23.4375 23.75 24.0625 24.375 24.6875 25 25.3125 25.625 25.9375 26.25 26.5625 26.875 27.1875 27.5 27.8125 28.125 28.4375 28.75 29.0625 29.375 29.6875 30 30.3125 30.625 30.9375 31.25 31.5625 31.875 32.1875 32.5 32.8125 33.125 33.4375 33.75 34.0625 34.375 34.6875 35 35.3125 35.625 35.9375 36.25 36.5625 36.875 37.1875 37.5 37.8125 38.125 38.4375 38.75 39.0625 39.375 39.6875 
2	7	0	64	0 1 2 3 4 5 6 7 8 9 10 11 12 13 14 15 16 17 18 19 20 21 22 23 24 25 26 27 28 29 30 31 32 33 34 35 36 37 38 39 40 41 42 43 44 45 46 47 48 49 50 51 52 53 54 55 56 57 58 59 60 61 62 63 
2	7	0	64	0 0.3125 0.625 0.9375 1.25 1.5625 1.875 2.1875 2.5 2.8125 3.125 3.4375 3.75 4.0625 4.375 4.6875 5 5.3125 5.625 5.9375 6.25 6.5625 6.875 7.1875 7.5 7.8125 8.125 8.4375 8.75 9.0625 9.375 9.6875 10 10.3125 10.625 10.9375 11.25 11.5625 11.875 12.1875 12.5 12.8125 13.125 13.4375 13.75 14.0625 14.375 14.6875 15 15.3125 15.625 15.9375 16.25 16.5625 16.875 17.1875 17.5 17.8125 18.125 18.4375 18.75 19.0625 19.375 19.6875 
2	7	1	64	0 1 2 3 4 5 6 7 8 9 10 11 12 13 14 15 16 17 18 19 20 21 22 23 24 25 26 27 28 29 30 31 32 33 34 35 36 37 38 39 40 41 42 43 44 45 46 47 48 49 50 51 52 53 54 55 56 57 58 59 60 61 62 63 
2	7	1	64	20 20.3125 20.625 20.9375 21.25 21.5625 21.875 22.1875 22.5 22.8125 23.125 23.4375 23.75 24.0625 24.375 24.6875 25 25.3125 25.625 25.9375 26.25 26.5625 26.875 27.1875 27.5 27.8125 28.125 28.4375 28.75 29.0625 29.375 29.6875 30 30.3125 30.625 30.9375 31.25 31.5625 31.875 32.1875 32.5 32.8125 33.125 33.4375 33.75 34.0625 34.375 34.6875 35 35.3125 35.625 35.9375 36.25 36.5625 36.875 37.1875 37.5 37.8125 38.125 38.4375 38.75 39.0625 39.375 39.6875 
3	0	0	64	0 1 2 3 4 5 6 7 8 9 10 11 12 13 14 15 16 17 18 19 20 21 22 23 24 25 26 27 28 29 30 31 32 33 34 35 36 37 38 39 40 41 42 43 44 45 46 47 48 49 50 51 52 53 54 55 56 57 58 59 60 61 62 63 
3	0	0	64	0 0.217521 0.598765 0.784445 1.14765 1.33869 1.70247 1.90499 2.29057 2.52401 2.94159 3.16872 3.56189 3.78061 4.15738 4.40718 4.79673 5.03986 5.41259 5.65897 6.0271 6.2592 6.63302 6.89336 7.26479 7.5163 7.88982 8.14623 8.54266 8.76742 9.17717 9.42416 9.82759 10.0484 10.4345 10.6745 11.0394 11.2684 11.6657 11.9383 12.3368 12.5513 12.9466 13.1894 13.5559 13.8354 14.2119 14.4946 14.8571 15.0925 15.4859 15.7337 16.1154 16.3961 16.8265 17.1234 17.5373 17.8042 18.2581 18.553 18.9699 19.2652 19.6579 19.8781 
3	0	1	62	0 1 2 3 4 5 6 7 8 9 10 11 12 13 14 15 16 17 18 19 20 21 22 23 24 25 26 27 28 29 30 31 32 33 34 35 36 37 38 39 40 41 42 43 44 45 46 47 48 49 50 51 52 53 54 55 56 57 58 59 60 61 
3	0	1	62	20.324 20.57 20.9604 21.2887 21.6974 21.9817 22.3657 22.6154 22.9937 23.2837 23.7057 24.004 24.3823 24.6316 25.0214 25.2498 25.633 25.9035 26.3411 26.5998 26.9857 27.2389 27.6424 27.9181 28.3104 28.579 28.9836 29.2399 29.6329 29.8539 30.2876 30.512 30.949 31.1492 31.5603 31.7953 32.1632 32.3981 32.7859 33.0184 33.4093 33.6361 34.0421 34.2572 34.6267 34.8731 35.2999 35.5052 35.9279 36.0777 36.4859 36.6591 37.0333 37.2538 37.653 37.9249 38.2507 38.4664 38.8657 39.0533 39.4177 39.6523 
3	1	0	64	0 1 2 3 4 5 6 7 8 9 10 11 12 13 14 15 16 17 18 19 20 21 22 23 24 25 26 27 28 29 30 31 32 33 34 35 36 37 38 39 40 41 42 43 44 45 46 47 48 49 50 51 52 53 54 55 56 57 58 59 60 61 62 63 
3	1	0	64	0 0.204538 0.638081 0.772573 1.18977 1.33268 1.73407 1.92018 2.3202 2.51612 2.95836 3.16036 3.59905 3.78026 4.18956 4.41593 4.86256 5.0491 5.43967 5.67003 6.08292 6.28195 6.73234 6.91605 7.36349 7.5158 7.9686 8.16759 8.64587 8.78562 9.2797 9.44999 9.93617 10.0593 10.5391 10.7029 11.1077 11.292 11.793 11.9712 12.4457 12.579 13.0802 13.232 13.6477 13.8564 14.319 14.5313 15.0146 15.1385 15.5681 15.7546 16.1846 16.4144 16.9023 17.1452 17.6869 17.8482 18.3928 18.6011 19.1101 19.3047 19.7972 19.9425
3	1	1	37	1 2 3 4 5 7 8 9 10 11 13 15 17 19 21 23 25 27 29 31 33 35 37 39 41 43 45 47 49 48 51 53 54 55 57 59 61 
3	1	1	37	20.6187 21.1343 21.3292 21.8503 22.0184 22.6835 23.1911 23.3299 23.9156 24.0422 24.7046 25.3029 25.9495 26.655 27.3082 27.9849 28.6383 29.323 29.9259 30.5971 31.2481 31.8806 32.4951 33.1258 33.7332 34.344 34.9778 35.6283 36.1948 36.4028 36.7908 37.3792 37.8815 38.004 38.5775 39.1773 39.7561
3	2	0	32	1 3 5 7 9 11 13 15 17 19 21 23 25 27 29 31 33 35 37 39 41 43 45 47 49 51 53 55 57 59 61 63 
3	2	0	32	0.125905 0.751299 1.29815 1.85359 2.46388 3.11127 3.75111 4.36299 5.03322 5.62482 6.27631 6.91487 7.5388 8.16925 8.80763 9.44288 10.0778 10.7321 11.3396 12.0157 12.6003 13.2784 13.8725 14.5556 15.1759 15.7761 16.427 17.1366 17.8848 18.6703 19.4 19.9754 
3	2	1	31	1 3 5 7 9 11 13 15 17 19 21 23 25 27 29 31 33 35 37 39 41 43 45 47 49 51 53 55 57 59 61 
3	2	1	31	20.6556 21.3833 22.0628 22.7065 23.3923 24.0868 24.7408 25.3204 25.9858 26.7083 27.3464 28.0272 28.6932 29.3713 29.9918 30.6378 31.295 31.9652 32.5641 33.1687 33.8081 34.4235 35.0298 35.6886 36.2701 36.8588 37.4526 38.0574 38.6516 39.2435 39.8487 
3	3	0	32	1 3 5 7 9 11 13 15 17 19 21 23 25 27 29 31 33 35 37 39 41 43 45 47 49 51 53 55 57 59 61 63 
3	3	0	32	-0.060239 0.554078 1.14712 1.69285 2.30685 2.9735 3.56631 4.17834 4.8624 5.46074 6.13773 6.76893 7.37639 8.0145 8.67738 9.26215 9.94377 10.6071 11.213 11.8433 12.4651 13.1325 13.7597 14.3935 15.0082 15.6548 16.2922 16.9948 17.7934 18.564 19.3067 19.8373 
3	3	1	31	1 3 5 7 9 11 13 15 17 19 21 23 25 27 29 31 33 35 37 39 41 43 45 47 49 51 53 55 57 59 61 
3	3	1	31	20.5832 21.221 21.9211 22.523 23.2888 23.9184 24.6439 25.1857 25.8568 26.5855 27.2563 27.8688 28.5904 29.2637 29.8701 30.4643 31.1712 31.8078 32.4814 33.0132 33.7176 34.2959 34.9256 35.5318 36.2086 36.7694 37.3792 37.9053 38.5531 39.1417 39.7289 
3	4	0	32	1 3 5 7 9 11 13 15 17 19 21 23 25 27 29 31 33 35 37 39 41 43 45 47 49 51 53 55 57 59 61 63 
3	4	0	32	-0.314581 0.296451 0.90366 1.39479 2.03788 2.66083 3.3099 3.87352 4.59166 5.22263 5.94078 6.47284 7.12459 7.72831 8.40356 8.96178 9.70613 10.346 10.9495 11.517 12.2208 12.8377 13.4947 14.089 14.8031 15.3824 16.0309 16.6845 17.5598 18.2696 19.0919 19.5369 
3	4	1	31	1 3 5 7 9 11 13 15 17 19 21 23 25 27 29 31 33 35 37 39 41 43 45 47 49 51 53 55 57 59 61 
3	4	1	31	20.3337 20.9653 21.712 22.2628 23.0174 23.6553 24.4253 24.8884 25.6276 26.3148 26.9785 27.5265 28.3447 28.9737 29.6546 30.1406 30.9646 31.5662 32.1826 32.6904 33.4704 34.0328 34.6928 35.2229 35.964 36.4755 37.1036 37.5529 38.2918 38.8631 39.484 
3	5	0	32	1 3 5 7 9 11 13 15 17 19 21 23 25 27 29 31 33 35 37 39 41 43 45 47 49 51 53 55 57 59 61 63 
3	5	0	32	-0.383 0.166473 0.809979 1.29197 1.96256 2.54231 3.26296 3.72886 4.5409 5.06313 5.84402 6.32442 7.01384 7.57144 8.32683 8.82412 9.61288 10.246 10.8813 11.3889 12.161 12.7331 13.3715 13.9877 14.7075 15.2667 15.9544 16.5283 17.4718 18.1726 18.9735 19.4111 
3	5	1	31	1 3 5 7 9 11 13 15 17 19 21 23 25 27 29 31 33 35 37 39 41 43 45 47 49 51 53 55 57 59 61 
3	5	1	31	20.2192 20.8395 21.6146 22.1262 22.8988 23.558 24.2954 24.7461 25.5194 26.2042 26.8978 27.4013 28.2422 28.8336 29.5718 30.0265 30.851 31.4443 32.1036 32.5592 33.3696 33.8967 34.5759 35.108 35.8728 36.3598 36.9914 37.4441 38.1842 38.74 39.3952 
3	6	0	64	0 1 2 3 4 5 6 7 8 9 10 11 12 13 14 15 16 17 18 19 20 21 22 23 24 25 26 27 28 29 30 31 32 33 34 35 36 37 38 39 40 41 42 43 44 45 46 47 48 49 50 51 52 53 54 55 56 57 58 59 60 61 62 63 
3	6	0	64	0 0.3125 0.625 0.9375 1.25 1.5625 1.875 2.1875 2.5 2.8125 3.125 3.4375 3.75 4.0625 4.375 4.6875 5 5.3125 5.625 5.9375 6.25 6.5625 6.875 7.1875 7.5 7.8125 8.125 8.4375 8.75 9.0625 9.375 9.6875 10 10.3125 10.625 10.9375 11.25 11.5625 11.875 12.1875 12.5 12.8125 13.125 13.4375 13.75 14.0625 14.375 14.6875 15 15.3125 15.625 15.9375 16.25 16.5625 16.875 17.1875 17.5 17.8125 18.125 18.4375 18.75 19.0625 19.375 19.6875 
3	6	1	64	0 1 2 3 4 5 6 7 8 9 10 11 12 13 14 15 16 17 18 19 20 21 22 23 24 25 26 27 28 29 30 31 32 33 34 35 36 37 38 39 40 41 42 43 44 45 46 47 48 49 50 51 52 53 54 55 56 57 58 59 60 61 62 63 
3	6	1	64	20 20.3125 20.625 20.9375 21.25 21.5625 21.875 22.1875 22.5 22.8125 23.125 23.4375 23.75 24.0625 24.375 24.6875 25 25.3125 25.625 25.9375 26.25 26.5625 26.875 27.1875 27.5 27.8125 28.125 28.4375 28.75 29.0625 29.375 29.6875 30 30.3125 30.625 30.9375 31.25 31.5625 31.875 32.1875 32.5 32.8125 33.125 33.4375 33.75 34.0625 34.375 34.6875 35 35.3125 35.625 35.9375 36.25 36.5625 36.875 37.1875 37.5 37.8125 38.125 38.4375 38.75 39.0625 39.375 39.6875 
3	7	0	64	0 1 2 3 4 5 6 7 8 9 10 11 12 13 14 15 16 17 18 19 20 21 22 23 24 25 26 27 28 29 30 31 32 33 34 35 36 37 38 39 40 41 42 43 44 45 46 47 48 49 50 51 52 53 54 55 56 57 58 59 60 61 62 63 
3	7	0	64	0 0.3125 0.625 0.9375 1.25 1.5625 1.875 2.1875 2.5 2.8125 3.125 3.4375 3.75 4.0625 4.375 4.6875 5 5.3125 5.625 5.9375 6.25 6.5625 6.875 7.1875 7.5 7.8125 8.125 8.4375 8.75 9.0625 9.375 9.6875 10 10.3125 10.625 10.9375 11.25 11.5625 11.875 12.1875 12.5 12.8125 13.125 13.4375 13.75 14.0625 14.375 14.6875 15 15.3125 15.625 15.9375 16.25 16.5625 16.875 17.1875 17.5 17.8125 18.125 18.4375 18.75 19.0625 19.375 19.6875 
3	7	1	64	0 1 2 3 4 5 6 7 8 9 10 11 12 13 14 15 16 17 18 19 20 21 22 23 24 25 26 27 28 29 30 31 32 33 34 35 36 37 38 39 40 41 42 43 44 45 46 47 48 49 50 51 52 53 54 55 56 57 58 59 60 61 62 63 
3	7	1	64	20 20.3125 20.625 20.9375 21.25 21.5625 21.875 22.1875 22.5 22.8125 23.125 23.4375 23.75 24.0625 24.375 24.6875 25 25.3125 25.625 25.9375 26.25 26.5625 26.875 27.1875 27.5 27.8125 28.125 28.4375 28.75 29.0625 29.375 29.6875 30 30.3125 30.625 30.9375 31.25 31.5625 31.875 32.1875 32.5 32.8125 33.125 33.4375 33.75 34.0625 34.375 34.6875 35 35.3125 35.625 35.9375 36.25 36.5625 36.875 37.1875 37.5 37.8125 38.125 38.4375 38.75 39.0625 39.375 39.6875 
