0	0	0	64 0 1 2 3 4 5 6 7 8 9 10 11 12 13 14 15 16 17 18 19 20 21 22 23 24 25 26 27 28 29 30 31 32 33 34 35 36 37 38 39 40 41 42 43 44 45 46 47 48 49 50 51 52 53 54 55 56 57 58 59 60 61 62 63 
0	0	0	64 0.0 0.17828 0.60878 0.78735 1.23427 1.39229 1.79572 1.99403 2.36808 2.55022 2.92132 3.12788 3.47599 3.6505 4.0415 4.23895 4.6811 4.89166 5.34244 5.54857 5.96447 6.17693 6.57163 6.79911 7.17505 7.38357 7.73966 7.9576 8.31711 8.54883 8.97469 9.21551 9.65001 9.85978 10.30837 10.53752 10.93886 11.17391 11.55954 11.78935 12.10959 12.33275 12.67131 12.90145 13.28999 13.54505 13.96078 14.2292 14.6585 14.88712 15.31355 15.55943 15.9391 16.19934 16.58139 16.84506 17.24824 17.46259 17.90099 18.13288 18.57523 18.8299 19.29827 19.53824 
0	0	1	64 64 65 66 67 68 69 70 71 72 73 74 75 76 77 78 79 80 81 82 83 84 85 86 87 88 89 90 91 92 93 94 95 96 97 98 99 100 101 102 103 104 105 106 107 108 109 110 111 112 113 114 115 116 117 118 119 120 121 122 123 124 125 126 127 
0	0	1	64 19.92003 20.13693 20.56205 20.81791 21.26907 21.52245 21.95344 22.20826 22.57641 22.78985 23.16515 23.42329 23.79707 24.04252 24.47558 24.75811 25.16609 25.38185 25.80971 26.06421 26.46485 26.70716 27.12158 27.34429 27.73824 27.92678 28.34847 28.5481 28.97507 29.19896 29.66873 29.85852 30.311 30.48181 30.91867 31.10642 31.4897 31.68144 32.09579 32.27815 32.66128 32.85121 33.34767 33.4911 33.9519 34.13166 34.60449 34.75586 35.19089 35.35698 35.77609 35.94973 36.3023 36.47479 36.83914 37.01349 37.39896 37.55979 37.95448 38.15241 38.56864 38.76316 39.16939 39.31371 
0	1	0	64 0 1 2 3 4 5 6 7 8 9 10 11 12 13 14 15 16 17 18 19 20 21 22 23 24 25 26 27 28 29 30 31 32 33 34 35 36 37 38 39 40 41 42 43 44 45 46 47 48 49 50 51 52 53 54 55 56 57 58 59 60 61 62 63 
0	1	0	64 0.0 0.17826 0.67675 0.78827 1.27814 1.37261 1.83382 1.99491 2.43564 2.54966 2.9882 3.13302 3.5673 3.68314 4.10419 4.26435 4.77528 4.90669 5.40667 5.56748 6.02892 6.17512 6.63363 6.79632 7.25291 7.41149 7.84955 7.98075 8.40656 8.57975 9.09896 9.24977 9.78654 9.88496 10.4179 10.56764 11.02944 11.18434 11.66179 11.8052 12.22702 12.36601 12.81033 12.95444 13.40717 13.58607 14.08372 14.27156 14.81733 14.91718 15.41071 15.57183 16.01015 16.21217 16.69104 16.89586 17.46898 17.55402 18.06419 18.21708 18.70831 18.88354 19.40759 19.57806 
0	1	1	64 64 65 66 67 68 69 70 71 72 73 74 75 76 77 78 79 80 81 82 83 84 85 86 87 88 89 90 91 92 93 94 95 96 97 98 99 100 101 102 103 104 105 106 107 108 109 110 111 112 113 114 115 116 117 118 119 120 121 122 123 124 125 126 127 
0	1	1	64 20.08825 20.18586 20.73466 20.85581 21.42855 21.57999 22.13068 22.26158 22.78611 22.86163 23.33211 23.4672 23.96515 24.10123 24.65306 24.81293 25.34828 25.43498 25.95396 26.11798 26.64143 26.76547 27.31234 27.42863 27.95852 28.01074 28.52371 28.62207 29.16707 29.28772 29.83734 29.94327 30.47871 30.56663 31.10626 31.18715 31.66855 31.76932 32.3004 32.37353 32.8925 32.95337 33.53871 33.59292 34.15632 34.24156 34.78535 34.85877 35.42517 35.46415 36.04867 36.06093 36.5124 36.57424 37.06157 37.12991 37.59957 37.65812 38.15974 38.25288 38.76052 38.87058 39.32553 39.38967 
0	2	0	32 1 3 5 7 9 11 13 15 17 19 21 23 25 27 29 31 33 35 37 39 41 43 45 47 49 51 53 55 57 59 61 63 
0	2	0	32 0.2495 0.84395 1.41817 2.03595 2.55657 3.19772 3.74084 4.38083 4.97406 5.62693 6.1953 6.83787 7.4456 8.07636 8.66488 9.36043 9.95446 10.64191 11.23057 11.87782 12.45727 13.06154 13.68676 14.39377 14.98728 15.61691 16.26507 16.96254 17.61381 18.34057 18.99927 19.6643 
0	2	1	32 65 67 69 71 73 75 77 79 81 83 85 87 89 91 93 95 97 99 101 103 105 107 109 111 113 115 117 119 121 123 125 127 
0	2	1	32 20.25894 20.94903 21.59604 22.33627 22.93479 23.57102 24.22004 24.92352 25.47433 26.18591 26.81035 27.47031 28.1111 28.74426 29.34815 30.00189 30.59416 31.22022 31.8386 32.43657 33.02857 33.70157 34.28989 34.88402 35.46517 36.09759 36.62508 37.18196 37.74445 38.3513 38.89601 39.45054 
0	3	0	32 1 3 5 7 9 11 13 15 17 19 21 23 25 27 29 31 33 35 37 39 41 43 45 47 49 51 53 55 57 59 61 63 
0	3	0	32 0.40027 1.04881 1.62345 2.22524 2.74284 3.4262 3.93743 4.5627 5.17405 5.85882 6.40731 7.02958 7.64829 8.27577 8.87319 9.56191 10.17882 10.84043 11.41755 12.04535 12.65106 13.28462 13.88188 14.59163 15.18413 15.82747 16.45788 17.17189 17.82601 18.57911 19.2378 19.89974 
0	3	1	32 65 67 69 71 73 75 77 79 81 83 85 87 89 91 93 95 97 99 101 103 105 107 109 111 113 115 117 119 121 123 125 127 
0	3	1	32 20.46495 21.13363 21.8193 22.54113 23.13433 23.79444 24.42782 25.10739 25.67787 26.39265 27.03536 27.67407 28.34871 28.97152 29.58551 30.22522 30.81731 31.45567 32.15408 32.63017 33.25884 33.95658 34.54983 35.09948 35.76788 36.3385 36.84076 37.39907 37.99824 38.56657 39.11218 39.66652 
0	4	0	64 0 1 2 3 4 5 6 7 8 9 10 11 12 13 14 15 16 17 18 19 20 21 22 23 24 25 26 27 28 29 30 31 32 33 34 35 36 37 38 39 40 41 42 43 44 45 46 47 48 49 50 51 52 53 54 55 56 57 58 59 60 61 62 63
0	4	0	64 0 0.3125 0.625 0.9375 1.25 1.5625 1.875 2.1875 2.5 2.8125 3.125 3.4375 3.75 4.0625 4.375 4.6875 5 5.3125 5.625 5.9375 6.25 6.5625 6.875 7.1875 7.5 7.8125 8.125 8.4375 8.75 9.0625 9.375 9.6875 10 10.3125 10.625 10.9375 11.25 11.5625 11.875 12.1875 12.5 12.8125 13.125 13.4375 13.75 14.0625 14.375 14.6875 15 15.3125 15.625 15.9375 16.25 16.5625 16.875 17.1875 17.5 17.8125 18.125 18.4375 18.75 19.0625 19.375 19.6875
0	4	1	64 0 1 2 3 4 5 6 7 8 9 10 11 12 13 14 15 16 17 18 19 20 21 22 23 24 25 26 27 28 29 30 31 32 33 34 35 36 37 38 39 40 41 42 43 44 45 46 47 48 49 50 51 52 53 54 55 56 57 58 59 60 61 62 63
0	4	1	64 20 20.3125 20.625 20.9375 21.25 21.5625 21.875 22.1875 22.5 22.8125 23.125 23.4375 23.75 24.0625 24.375 24.6875 25 25.3125 25.625 25.9375 26.25 26.5625 26.875 27.1875 27.5 27.8125 28.125 28.4375 28.75 29.0625 29.375 29.6875 30 30.3125 30.625 30.9375 31.25 31.5625 31.875 32.1875 32.5 32.8125 33.125 33.4375 33.75 34.0625 34.375 34.6875 35 35.3125 35.625 35.9375 36.25 36.5625 36.875 37.1875 37.5 37.8125 38.125 38.4375 38.75 39.0625 39.375 39.6875
0	5	0	64 0 1 2 3 4 5 6 7 8 9 10 11 12 13 14 15 16 17 18 19 20 21 22 23 24 25 26 27 28 29 30 31 32 33 34 35 36 37 38 39 40 41 42 43 44 45 46 47 48 49 50 51 52 53 54 55 56 57 58 59 60 61 62 63
0	5	0	64 0 0.3125 0.625 0.9375 1.25 1.5625 1.875 2.1875 2.5 2.8125 3.125 3.4375 3.75 4.0625 4.375 4.6875 5 5.3125 5.625 5.9375 6.25 6.5625 6.875 7.1875 7.5 7.8125 8.125 8.4375 8.75 9.0625 9.375 9.6875 10 10.3125 10.625 10.9375 11.25 11.5625 11.875 12.1875 12.5 12.8125 13.125 13.4375 13.75 14.0625 14.375 14.6875 15 15.3125 15.625 15.9375 16.25 16.5625 16.875 17.1875 17.5 17.8125 18.125 18.4375 18.75 19.0625 19.375 19.6875
0	5	1	64 0 1 2 3 4 5 6 7 8 9 10 11 12 13 14 15 16 17 18 19 20 21 22 23 24 25 26 27 28 29 30 31 32 33 34 35 36 37 38 39 40 41 42 43 44 45 46 47 48 49 50 51 52 53 54 55 56 57 58 59 60 61 62 63
0	5	1	64 20 20.3125 20.625 20.9375 21.25 21.5625 21.875 22.1875 22.5 22.8125 23.125 23.4375 23.75 24.0625 24.375 24.6875 25 25.3125 25.625 25.9375 26.25 26.5625 26.875 27.1875 27.5 27.8125 28.125 28.4375 28.75 29.0625 29.375 29.6875 30 30.3125 30.625 30.9375 31.25 31.5625 31.875 32.1875 32.5 32.8125 33.125 33.4375 33.75 34.0625 34.375 34.6875 35 35.3125 35.625 35.9375 36.25 36.5625 36.875 37.1875 37.5 37.8125 38.125 38.4375 38.75 39.0625 39.375 39.6875
0	6	0	64 0 1 2 3 4 5 6 7 8 9 10 11 12 13 14 15 16 17 18 19 20 21 22 23 24 25 26 27 28 29 30 31 32 33 34 35 36 37 38 39 40 41 42 43 44 45 46 47 48 49 50 51 52 53 54 55 56 57 58 59 60 61 62 63
0	6	0	64 0 0.3125 0.625 0.9375 1.25 1.5625 1.875 2.1875 2.5 2.8125 3.125 3.4375 3.75 4.0625 4.375 4.6875 5 5.3125 5.625 5.9375 6.25 6.5625 6.875 7.1875 7.5 7.8125 8.125 8.4375 8.75 9.0625 9.375 9.6875 10 10.3125 10.625 10.9375 11.25 11.5625 11.875 12.1875 12.5 12.8125 13.125 13.4375 13.75 14.0625 14.375 14.6875 15 15.3125 15.625 15.9375 16.25 16.5625 16.875 17.1875 17.5 17.8125 18.125 18.4375 18.75 19.0625 19.375 19.6875
0	6	1	64 0 1 2 3 4 5 6 7 8 9 10 11 12 13 14 15 16 17 18 19 20 21 22 23 24 25 26 27 28 29 30 31 32 33 34 35 36 37 38 39 40 41 42 43 44 45 46 47 48 49 50 51 52 53 54 55 56 57 58 59 60 61 62 63
0	6	1	64 20 20.3125 20.625 20.9375 21.25 21.5625 21.875 22.1875 22.5 22.8125 23.125 23.4375 23.75 24.0625 24.375 24.6875 25 25.3125 25.625 25.9375 26.25 26.5625 26.875 27.1875 27.5 27.8125 28.125 28.4375 28.75 29.0625 29.375 29.6875 30 30.3125 30.625 30.9375 31.25 31.5625 31.875 32.1875 32.5 32.8125 33.125 33.4375 33.75 34.0625 34.375 34.6875 35 35.3125 35.625 35.9375 36.25 36.5625 36.875 37.1875 37.5 37.8125 38.125 38.4375 38.75 39.0625 39.375 39.6875
0	7	0	64 0 1 2 3 4 5 6 7 8 9 10 11 12 13 14 15 16 17 18 19 20 21 22 23 24 25 26 27 28 29 30 31 32 33 34 35 36 37 38 39 40 41 42 43 44 45 46 47 48 49 50 51 52 53 54 55 56 57 58 59 60 61 62 63
0	7	0	64 0 0.3125 0.625 0.9375 1.25 1.5625 1.875 2.1875 2.5 2.8125 3.125 3.4375 3.75 4.0625 4.375 4.6875 5 5.3125 5.625 5.9375 6.25 6.5625 6.875 7.1875 7.5 7.8125 8.125 8.4375 8.75 9.0625 9.375 9.6875 10 10.3125 10.625 10.9375 11.25 11.5625 11.875 12.1875 12.5 12.8125 13.125 13.4375 13.75 14.0625 14.375 14.6875 15 15.3125 15.625 15.9375 16.25 16.5625 16.875 17.1875 17.5 17.8125 18.125 18.4375 18.75 19.0625 19.375 19.6875
0	7	1	64 0 1 2 3 4 5 6 7 8 9 10 11 12 13 14 15 16 17 18 19 20 21 22 23 24 25 26 27 28 29 30 31 32 33 34 35 36 37 38 39 40 41 42 43 44 45 46 47 48 49 50 51 52 53 54 55 56 57 58 59 60 61 62 63
0	7	1	64 20 20.3125 20.625 20.9375 21.25 21.5625 21.875 22.1875 22.5 22.8125 23.125 23.4375 23.75 24.0625 24.375 24.6875 25 25.3125 25.625 25.9375 26.25 26.5625 26.875 27.1875 27.5 27.8125 28.125 28.4375 28.75 29.0625 29.375 29.6875 30 30.3125 30.625 30.9375 31.25 31.5625 31.875 32.1875 32.5 32.8125 33.125 33.4375 33.75 34.0625 34.375 34.6875 35 35.3125 35.625 35.9375 36.25 36.5625 36.875 37.1875 37.5 37.8125 38.125 38.4375 38.75 39.0625 39.375 39.6875
1	0	0	64 0 1 2 3 4 5 6 7 8 9 10 11 12 13 14 15 16 17 18 19 20 21 22 23 24 25 26 27 28 29 30 31 32 33 34 35 36 37 38 39 40 41 42 43 44 45 46 47 48 49 50 51 52 53 54 55 56 57 58 59 60 61 62 63 
1	0	0	64 0.0 0.19797 0.62625 0.80066 1.21456 1.38518 1.77057 1.98459 2.34974 2.55869 2.8937 3.10975 3.45139 3.66445 4.02959 4.26189 4.6813 4.87803 5.30589 5.51784 5.95302 6.1446 6.53419 6.752 7.12496 7.32334 7.68834 7.90516 8.2741 8.49331 8.91074 9.14385 9.53877 9.76726 10.20242 10.45115 10.8545 11.08949 11.48083 11.71601 12.07054 12.28824 12.6585 12.87174 13.25884 13.49715 13.93936 14.17815 14.59173 14.8217 15.24897 15.48875 15.89896 16.14683 16.53508 16.80274 17.19335 17.40056 17.87872 18.08394 18.53902 18.79212 19.25329 19.47399 
1	0	1	64 64 65 66 67 68 69 70 71 72 73 74 75 76 77 78 79 80 81 82 83 84 85 86 87 88 89 90 91 92 93 94 95 96 97 98 99 100 101 102 103 104 105 106 107 108 109 110 111 112 113 114 115 116 117 118 119 120 121 122 123 124 125 126 127 
1	0	1	64 19.85518 20.07407 20.49897 20.75458 21.2076 21.47055 21.89193 22.14972 22.54106 22.77506 23.17341 23.43629 23.85316 24.08693 24.50764 24.7408 25.17178 25.39511 25.85276 26.07189 26.4841 26.70375 27.10047 27.34071 27.75173 27.91617 28.37303 28.54325 28.99209 29.18814 29.65518 29.86088 30.28174 30.48467 30.90737 31.11892 31.52551 31.71599 32.12938 32.29997 32.66154 32.87412 33.37274 33.51719 33.99413 34.1521 34.62546 34.78868 35.19322 35.35123 35.78098 35.93301 36.28466 36.47576 36.86067 37.01463 37.37684 37.5691 38.02379 38.18092 38.59528 38.7796 39.17822 39.331 
1	1	0	64 0 1 2 3 4 5 6 7 8 9 10 11 12 13 14 15 16 17 18 19 20 21 22 23 24 25 26 27 28 29 30 31 32 33 34 35 36 37 38 39 40 41 42 43 44 45 46 47 48 49 50 51 52 53 54 55 56 57 58 59 60 61 62 63 
1	1	0	64 0.0 0.17091 0.66139 0.79144 1.25642 1.34607 1.80662 1.94091 2.39039 2.52004 2.94545 3.09821 3.54818 3.66906 4.11251 4.27628 4.76682 4.89758 5.37294 5.52721 5.99802 6.12141 6.58559 6.73764 7.19512 7.31719 7.75894 7.90072 8.35245 8.51472 9.02209 9.15478 9.649 9.75993 10.28739 10.44977 10.90728 11.06629 11.54529 11.71653 12.17321 12.28233 12.76247 12.89843 13.40609 13.51762 14.02394 14.18861 14.69746 14.81589 15.30584 15.48039 15.95459 16.14875 16.63253 16.81885 17.3442 17.44391 17.99661 18.136 18.62411 18.81852 19.33735 19.48323 
1	1	1	64 64 65 66 67 68 69 70 71 72 73 74 75 76 77 78 79 80 81 82 83 84 85 86 87 88 89 90 91 92 93 94 95 96 97 98 99 100 101 102 103 104 105 106 107 108 109 110 111 112 113 114 115 116 117 118 119 120 121 122 123 124 125 126 127 
1	1	1	64 19.97785 20.09579 20.61298 20.76651 21.30042 21.48609 22.02882 22.17908 22.67533 22.8043 23.33793 23.47382 23.98487 24.12624 24.66129 24.77774 25.29186 25.42971 25.97064 26.10355 26.60704 26.75083 27.24571 27.38142 27.91686 27.97049 28.52669 28.60677 29.11828 29.23827 29.76428 29.92017 30.41646 30.5392 31.03497 31.1858 31.6731 31.77709 32.28886 32.36361 32.82679 32.93737 33.51494 33.59177 34.14135 34.21556 34.7509 34.85451 35.36753 35.42711 35.96199 36.00806 36.48018 36.54207 37.00167 37.08552 37.53916 37.63025 38.16086 38.26399 38.73154 38.86252 39.3035 39.36997 
1	2	0	32 1 3 5 7 9 11 13 15 17 19 21 23 25 27 29 31 33 35 37 39 41 43 45 47 49 51 53 55 57 59 61 63 
1	2	0	32 0.26227 0.87958 1.4114 2.03004 2.5618 3.18832 3.7849 4.39145 4.99823 5.62338 6.18735 6.81098 7.38753 8.00863 8.61933 9.3027 9.86805 10.53481 11.15322 11.80534 12.40717 13.04465 13.64351 14.33557 14.93874 15.56452 16.23626 16.92282 17.55348 18.288 18.96016 19.62073 
1	2	1	32 65 67 69 71 73 75 77 79 81 83 85 87 89 91 93 95 97 99 101 103 105 107 109 111 113 115 117 119 121 123 125 127 
1	2	1	32 20.20619 20.90538 21.55176 22.2738 22.91733 23.59758 24.25847 24.90845 25.49334 26.19134 26.84372 27.47014 28.1104 28.76067 29.34129 30.02712 30.62485 31.26384 31.87297 32.483 33.06179 33.72658 34.32126 34.91552 35.49643 36.11056 36.63689 37.17957 37.77739 38.38211 38.92408 39.46963 
1	3	0	32 1 3 5 7 9 11 13 15 17 19 21 23 25 27 29 31 33 35 37 39 41 43 45 47 49 51 53 55 57 59 61 63 
1	3	0	32 0.03833 0.63388 1.20005 1.77181 2.31156 2.98609 3.53858 4.12844 4.74411 5.40418 6.00254 6.58411 7.24119 7.82243 8.43358 9.11593 9.76111 10.3584 11.06404 11.63948 12.19658 12.82259 13.48056 14.16674 14.75518 15.37701 15.99372 16.74378 17.45282 18.08654 18.71509 19.54347 
1	3	1	32 65 67 69 71 73 75 77 79 81 83 85 87 89 91 93 95 97 99 101 103 105 107 109 111 113 115 117 119 121 123 125 127 
1	3	1	32 20.05025 20.6862 21.44898 22.08996 22.70219 23.35902 24.00284 24.66746 25.25464 25.94086 26.58181 27.2687 27.91951 28.5063 29.14717 29.82355 30.38098 31.03768 31.81993 32.18708 32.79176 33.48198 34.27166 34.7209 35.26112 35.86047 36.46516 36.99006 37.62421 38.07936 38.61665 39.19057 
1	4	0	64 0 1 2 3 4 5 6 7 8 9 10 11 12 13 14 15 16 17 18 19 20 21 22 23 24 25 26 27 28 29 30 31 32 33 34 35 36 37 38 39 40 41 42 43 44 45 46 47 48 49 50 51 52 53 54 55 56 57 58 59 60 61 62 63
1	4	0	64 0 0.3125 0.625 0.9375 1.25 1.5625 1.875 2.1875 2.5 2.8125 3.125 3.4375 3.75 4.0625 4.375 4.6875 5 5.3125 5.625 5.9375 6.25 6.5625 6.875 7.1875 7.5 7.8125 8.125 8.4375 8.75 9.0625 9.375 9.6875 10 10.3125 10.625 10.9375 11.25 11.5625 11.875 12.1875 12.5 12.8125 13.125 13.4375 13.75 14.0625 14.375 14.6875 15 15.3125 15.625 15.9375 16.25 16.5625 16.875 17.1875 17.5 17.8125 18.125 18.4375 18.75 19.0625 19.375 19.6875
1	4	1	64 0 1 2 3 4 5 6 7 8 9 10 11 12 13 14 15 16 17 18 19 20 21 22 23 24 25 26 27 28 29 30 31 32 33 34 35 36 37 38 39 40 41 42 43 44 45 46 47 48 49 50 51 52 53 54 55 56 57 58 59 60 61 62 63
1	4	1	64 20 20.3125 20.625 20.9375 21.25 21.5625 21.875 22.1875 22.5 22.8125 23.125 23.4375 23.75 24.0625 24.375 24.6875 25 25.3125 25.625 25.9375 26.25 26.5625 26.875 27.1875 27.5 27.8125 28.125 28.4375 28.75 29.0625 29.375 29.6875 30 30.3125 30.625 30.9375 31.25 31.5625 31.875 32.1875 32.5 32.8125 33.125 33.4375 33.75 34.0625 34.375 34.6875 35 35.3125 35.625 35.9375 36.25 36.5625 36.875 37.1875 37.5 37.8125 38.125 38.4375 38.75 39.0625 39.375 39.6875
1	5	0	64 0 1 2 3 4 5 6 7 8 9 10 11 12 13 14 15 16 17 18 19 20 21 22 23 24 25 26 27 28 29 30 31 32 33 34 35 36 37 38 39 40 41 42 43 44 45 46 47 48 49 50 51 52 53 54 55 56 57 58 59 60 61 62 63
1	5	0	64 0 0.3125 0.625 0.9375 1.25 1.5625 1.875 2.1875 2.5 2.8125 3.125 3.4375 3.75 4.0625 4.375 4.6875 5 5.3125 5.625 5.9375 6.25 6.5625 6.875 7.1875 7.5 7.8125 8.125 8.4375 8.75 9.0625 9.375 9.6875 10 10.3125 10.625 10.9375 11.25 11.5625 11.875 12.1875 12.5 12.8125 13.125 13.4375 13.75 14.0625 14.375 14.6875 15 15.3125 15.625 15.9375 16.25 16.5625 16.875 17.1875 17.5 17.8125 18.125 18.4375 18.75 19.0625 19.375 19.6875
1	5	1	64 0 1 2 3 4 5 6 7 8 9 10 11 12 13 14 15 16 17 18 19 20 21 22 23 24 25 26 27 28 29 30 31 32 33 34 35 36 37 38 39 40 41 42 43 44 45 46 47 48 49 50 51 52 53 54 55 56 57 58 59 60 61 62 63
1	5	1	64 20 20.3125 20.625 20.9375 21.25 21.5625 21.875 22.1875 22.5 22.8125 23.125 23.4375 23.75 24.0625 24.375 24.6875 25 25.3125 25.625 25.9375 26.25 26.5625 26.875 27.1875 27.5 27.8125 28.125 28.4375 28.75 29.0625 29.375 29.6875 30 30.3125 30.625 30.9375 31.25 31.5625 31.875 32.1875 32.5 32.8125 33.125 33.4375 33.75 34.0625 34.375 34.6875 35 35.3125 35.625 35.9375 36.25 36.5625 36.875 37.1875 37.5 37.8125 38.125 38.4375 38.75 39.0625 39.375 39.6875
1	6	0	64 0 1 2 3 4 5 6 7 8 9 10 11 12 13 14 15 16 17 18 19 20 21 22 23 24 25 26 27 28 29 30 31 32 33 34 35 36 37 38 39 40 41 42 43 44 45 46 47 48 49 50 51 52 53 54 55 56 57 58 59 60 61 62 63
1	6	0	64 0 0.3125 0.625 0.9375 1.25 1.5625 1.875 2.1875 2.5 2.8125 3.125 3.4375 3.75 4.0625 4.375 4.6875 5 5.3125 5.625 5.9375 6.25 6.5625 6.875 7.1875 7.5 7.8125 8.125 8.4375 8.75 9.0625 9.375 9.6875 10 10.3125 10.625 10.9375 11.25 11.5625 11.875 12.1875 12.5 12.8125 13.125 13.4375 13.75 14.0625 14.375 14.6875 15 15.3125 15.625 15.9375 16.25 16.5625 16.875 17.1875 17.5 17.8125 18.125 18.4375 18.75 19.0625 19.375 19.6875
1	6	1	64 0 1 2 3 4 5 6 7 8 9 10 11 12 13 14 15 16 17 18 19 20 21 22 23 24 25 26 27 28 29 30 31 32 33 34 35 36 37 38 39 40 41 42 43 44 45 46 47 48 49 50 51 52 53 54 55 56 57 58 59 60 61 62 63
1	6	1	64 20 20.3125 20.625 20.9375 21.25 21.5625 21.875 22.1875 22.5 22.8125 23.125 23.4375 23.75 24.0625 24.375 24.6875 25 25.3125 25.625 25.9375 26.25 26.5625 26.875 27.1875 27.5 27.8125 28.125 28.4375 28.75 29.0625 29.375 29.6875 30 30.3125 30.625 30.9375 31.25 31.5625 31.875 32.1875 32.5 32.8125 33.125 33.4375 33.75 34.0625 34.375 34.6875 35 35.3125 35.625 35.9375 36.25 36.5625 36.875 37.1875 37.5 37.8125 38.125 38.4375 38.75 39.0625 39.375 39.6875
1	7	0	64 0 1 2 3 4 5 6 7 8 9 10 11 12 13 14 15 16 17 18 19 20 21 22 23 24 25 26 27 28 29 30 31 32 33 34 35 36 37 38 39 40 41 42 43 44 45 46 47 48 49 50 51 52 53 54 55 56 57 58 59 60 61 62 63
1	7	0	64 0 0.3125 0.625 0.9375 1.25 1.5625 1.875 2.1875 2.5 2.8125 3.125 3.4375 3.75 4.0625 4.375 4.6875 5 5.3125 5.625 5.9375 6.25 6.5625 6.875 7.1875 7.5 7.8125 8.125 8.4375 8.75 9.0625 9.375 9.6875 10 10.3125 10.625 10.9375 11.25 11.5625 11.875 12.1875 12.5 12.8125 13.125 13.4375 13.75 14.0625 14.375 14.6875 15 15.3125 15.625 15.9375 16.25 16.5625 16.875 17.1875 17.5 17.8125 18.125 18.4375 18.75 19.0625 19.375 19.6875
1	7	1	64 0 1 2 3 4 5 6 7 8 9 10 11 12 13 14 15 16 17 18 19 20 21 22 23 24 25 26 27 28 29 30 31 32 33 34 35 36 37 38 39 40 41 42 43 44 45 46 47 48 49 50 51 52 53 54 55 56 57 58 59 60 61 62 63
1	7	1	64 20 20.3125 20.625 20.9375 21.25 21.5625 21.875 22.1875 22.5 22.8125 23.125 23.4375 23.75 24.0625 24.375 24.6875 25 25.3125 25.625 25.9375 26.25 26.5625 26.875 27.1875 27.5 27.8125 28.125 28.4375 28.75 29.0625 29.375 29.6875 30 30.3125 30.625 30.9375 31.25 31.5625 31.875 32.1875 32.5 32.8125 33.125 33.4375 33.75 34.0625 34.375 34.6875 35 35.3125 35.625 35.9375 36.25 36.5625 36.875 37.1875 37.5 37.8125 38.125 38.4375 38.75 39.0625 39.375 39.6875
2	0	0	64 0 1 2 3 4 5 6 7 8 9 10 11 12 13 14 15 16 17 18 19 20 21 22 23 24 25 26 27 28 29 30 31 32 33 34 35 36 37 38 39 40 41 42 43 44 45 46 47 48 49 50 51 52 53 54 55 56 57 58 59 60 61 62 63 
2	0	0	64 0.0 0.18429 0.60352 0.79024 1.21293 1.38726 1.79042 2.00855 2.38491 2.57267 2.92763 3.13044 3.47071 3.66421 4.06215 4.2963 4.73622 4.91732 5.34996 5.57059 6.01066 6.21748 6.61898 6.84635 7.21742 7.4123 7.77612 7.99639 8.34702 8.58286 8.99546 9.23429 9.67268 9.87122 10.32643 10.56751 10.95743 11.1739 11.53539 11.78569 12.11428 12.32582 12.6749 12.91987 13.31461 13.54596 13.96667 14.2286 14.68292 14.88143 15.31851 15.54813 15.93978 16.19297 16.57318 16.8421 17.24149 17.45744 17.90606 18.15734 18.5896 18.86337 19.31705 19.53852 
2	0	1	64 64 65 66 67 68 69 70 71 72 73 74 75 76 77 78 79 80 81 82 83 84 85 86 87 88 89 90 91 92 93 94 95 96 97 98 99 100 101 102 103 104 105 106 107 108 109 110 111 112 113 114 115 116 117 118 119 120 121 122 123 124 125 126 127 
2	0	1	64 19.92411 20.13539 20.54412 20.82098 21.25702 21.52801 21.94124 22.18315 22.55406 22.78262 23.1907 23.40522 23.78749 24.02963 24.46757 24.72705 25.14538 25.38088 25.80514 26.06203 26.4592 26.69421 27.06762 27.32417 27.68835 27.90039 28.32248 28.54346 28.96775 29.19503 29.65845 29.87303 30.30668 30.50004 30.9258 31.13575 31.51602 31.72211 32.12771 32.31539 32.70226 32.90044 33.36948 33.53498 34.00622 34.166 34.59863 34.81034 35.2184 35.38148 35.83197 35.9782 36.34449 36.50668 36.86344 37.04563 37.39941 37.58551 38.01802 38.19171 38.62051 38.79547 39.18864 39.33242 
2	1	0	64 0 1 2 3 4 5 6 7 8 9 10 11 12 13 14 15 16 17 18 19 20 21 22 23 24 25 26 27 28 29 30 31 32 33 34 35 36 37 38 39 40 41 42 43 44 45 46 47 48 49 50 51 52 53 54 55 56 57 58 59 60 61 62 63 
2	1	0	64 0.0 0.16745 0.65339 0.77716 1.25408 1.36239 1.84188 2.00225 2.45153 2.57293 2.99904 3.13343 3.57069 3.67196 4.15367 4.3282 4.85438 4.93134 5.4496 5.59182 6.06892 6.21335 6.68891 6.84418 7.30959 7.42124 7.91 8.02777 8.46377 8.61632 9.1048 9.26133 9.84271 9.91536 10.42657 10.58049 11.04515 11.18812 11.62762 11.80323 12.26898 12.36879 12.81984 12.95616 13.44787 13.58948 14.0929 14.271 14.80269 14.90928 15.42709 15.57603 16.01241 16.21101 16.6687 16.87217 17.40184 17.51901 18.08488 18.22967 18.72809 18.91806 19.44969 19.58224 
2	1	1	62 64 65 66 67 68 69 70 71 72 73 74 75 76 77 78 79 80 81 82 83 84 85 86 87 88 89 90 91 92 93 94 95 96 97 98 99 100 101 102 103 104 105 106 107 108 109 110 111 112 114 116 117 118 119 120 121 122 123 124 125 126 127 
2	1	1	62 20.10471 20.18596 20.70511 20.85387 21.37404 21.55193 22.10318 22.22858 22.73542 22.83181 23.44319 23.47462 23.9865 24.09197 24.64159 24.77393 25.32271 25.4325 25.96674 26.11106 26.62198 26.75361 27.25865 27.38213 27.89092 27.98554 28.51558 28.62195 29.13639 29.26843 29.84204 29.94752 30.49721 30.57365 31.0788 31.20818 31.70295 31.8041 32.33186 32.40924 32.90704 32.98306 33.56001 33.63171 34.18449 34.25527 34.76265 34.88953 35.60378 36.10468 36.56429 36.59715 37.0469 37.14039 37.58746 37.67227 38.18625 38.28351 38.77517 38.89505 39.36622 39.40945 
2	2	0	32 1 3 5 7 9 11 13 15 17 19 21 23 25 27 29 31 33 35 37 39 41 43 45 47 49 51 53 55 57 59 61 63 
2	2	0	32 0.25446 0.85751 1.43916 2.05409 2.5984 3.23007 3.78409 4.43813 5.02226 5.68606 6.2609 6.90413 7.50832 8.13243 8.71214 9.39123 9.98697 10.68521 11.25985 11.88982 12.46475 13.10245 13.69613 14.41921 14.99839 15.6605 16.27989 16.97011 17.63016 18.39591 19.04571 19.69776 
2	2	1	32 65 67 69 71 73 75 77 79 81 83 85 87 89 91 93 95 97 99 101 103 105 107 109 111 113 115 117 119 121 123 125 127 
2	2	1	32 20.2831 20.98196 21.60824 22.31621 22.9266 23.57918 24.21923 24.91436 25.4961 26.20765 26.83957 27.47639 28.1204 28.77772 29.35342 30.04401 30.6598 31.27241 31.89006 32.50179 33.10354 33.7928 34.35264 34.94858 35.54447 36.16221 36.67074 37.23008 37.82013 38.40083 38.96626 39.50524 
2	3	0	32 1 3 5 7 9 11 13 15 17 19 21 23 25 27 29 31 33 35 37 39 41 43 45 47 49 51 53 55 57 59 61 63 
2	3	0	32 0.01461 0.6007 1.17045 1.75166 2.32355 2.9664 3.52648 4.13923 4.75568 5.40013 6.00688 6.62782 7.23625 7.8604 8.4471 9.1142 9.72021 10.38736 11.0625 11.6191 12.19266 12.81627 13.43984 14.13515 14.73831 15.36962 16.001 16.6952 17.40255 18.06927 18.73389 19.50145 
2	3	1	32 65 67 69 71 73 75 77 79 81 83 85 87 89 91 93 95 97 99 101 103 105 107 109 111 113 115 117 119 121 123 125 127 
2	3	1	32 20.04301 20.70264 21.41881 22.03627 22.68515 23.33934 23.98799 24.66759 25.24017 25.91409 26.5557 27.26708 27.87869 28.49553 29.13114 29.81594 30.43092 31.08096 31.76943 32.24025 32.87197 33.51459 34.29343 34.75972 35.33674 35.8758 36.52546 37.04088 37.64183 38.12531 38.72518 39.18538 
2	4	0	64 0 1 2 3 4 5 6 7 8 9 10 11 12 13 14 15 16 17 18 19 20 21 22 23 24 25 26 27 28 29 30 31 32 33 34 35 36 37 38 39 40 41 42 43 44 45 46 47 48 49 50 51 52 53 54 55 56 57 58 59 60 61 62 63
2	4	0	64 0 0.3125 0.625 0.9375 1.25 1.5625 1.875 2.1875 2.5 2.8125 3.125 3.4375 3.75 4.0625 4.375 4.6875 5 5.3125 5.625 5.9375 6.25 6.5625 6.875 7.1875 7.5 7.8125 8.125 8.4375 8.75 9.0625 9.375 9.6875 10 10.3125 10.625 10.9375 11.25 11.5625 11.875 12.1875 12.5 12.8125 13.125 13.4375 13.75 14.0625 14.375 14.6875 15 15.3125 15.625 15.9375 16.25 16.5625 16.875 17.1875 17.5 17.8125 18.125 18.4375 18.75 19.0625 19.375 19.6875
2	4	1	64 0 1 2 3 4 5 6 7 8 9 10 11 12 13 14 15 16 17 18 19 20 21 22 23 24 25 26 27 28 29 30 31 32 33 34 35 36 37 38 39 40 41 42 43 44 45 46 47 48 49 50 51 52 53 54 55 56 57 58 59 60 61 62 63
2	4	1	64 20 20.3125 20.625 20.9375 21.25 21.5625 21.875 22.1875 22.5 22.8125 23.125 23.4375 23.75 24.0625 24.375 24.6875 25 25.3125 25.625 25.9375 26.25 26.5625 26.875 27.1875 27.5 27.8125 28.125 28.4375 28.75 29.0625 29.375 29.6875 30 30.3125 30.625 30.9375 31.25 31.5625 31.875 32.1875 32.5 32.8125 33.125 33.4375 33.75 34.0625 34.375 34.6875 35 35.3125 35.625 35.9375 36.25 36.5625 36.875 37.1875 37.5 37.8125 38.125 38.4375 38.75 39.0625 39.375 39.6875
2	5	0	64 0 1 2 3 4 5 6 7 8 9 10 11 12 13 14 15 16 17 18 19 20 21 22 23 24 25 26 27 28 29 30 31 32 33 34 35 36 37 38 39 40 41 42 43 44 45 46 47 48 49 50 51 52 53 54 55 56 57 58 59 60 61 62 63
2	5	0	64 0 0.3125 0.625 0.9375 1.25 1.5625 1.875 2.1875 2.5 2.8125 3.125 3.4375 3.75 4.0625 4.375 4.6875 5 5.3125 5.625 5.9375 6.25 6.5625 6.875 7.1875 7.5 7.8125 8.125 8.4375 8.75 9.0625 9.375 9.6875 10 10.3125 10.625 10.9375 11.25 11.5625 11.875 12.1875 12.5 12.8125 13.125 13.4375 13.75 14.0625 14.375 14.6875 15 15.3125 15.625 15.9375 16.25 16.5625 16.875 17.1875 17.5 17.8125 18.125 18.4375 18.75 19.0625 19.375 19.6875
2	5	1	64 0 1 2 3 4 5 6 7 8 9 10 11 12 13 14 15 16 17 18 19 20 21 22 23 24 25 26 27 28 29 30 31 32 33 34 35 36 37 38 39 40 41 42 43 44 45 46 47 48 49 50 51 52 53 54 55 56 57 58 59 60 61 62 63
2	5	1	64 20 20.3125 20.625 20.9375 21.25 21.5625 21.875 22.1875 22.5 22.8125 23.125 23.4375 23.75 24.0625 24.375 24.6875 25 25.3125 25.625 25.9375 26.25 26.5625 26.875 27.1875 27.5 27.8125 28.125 28.4375 28.75 29.0625 29.375 29.6875 30 30.3125 30.625 30.9375 31.25 31.5625 31.875 32.1875 32.5 32.8125 33.125 33.4375 33.75 34.0625 34.375 34.6875 35 35.3125 35.625 35.9375 36.25 36.5625 36.875 37.1875 37.5 37.8125 38.125 38.4375 38.75 39.0625 39.375 39.6875
2	6	0	64 0 1 2 3 4 5 6 7 8 9 10 11 12 13 14 15 16 17 18 19 20 21 22 23 24 25 26 27 28 29 30 31 32 33 34 35 36 37 38 39 40 41 42 43 44 45 46 47 48 49 50 51 52 53 54 55 56 57 58 59 60 61 62 63
2	6	0	64 0 0.3125 0.625 0.9375 1.25 1.5625 1.875 2.1875 2.5 2.8125 3.125 3.4375 3.75 4.0625 4.375 4.6875 5 5.3125 5.625 5.9375 6.25 6.5625 6.875 7.1875 7.5 7.8125 8.125 8.4375 8.75 9.0625 9.375 9.6875 10 10.3125 10.625 10.9375 11.25 11.5625 11.875 12.1875 12.5 12.8125 13.125 13.4375 13.75 14.0625 14.375 14.6875 15 15.3125 15.625 15.9375 16.25 16.5625 16.875 17.1875 17.5 17.8125 18.125 18.4375 18.75 19.0625 19.375 19.6875
2	6	1	64 0 1 2 3 4 5 6 7 8 9 10 11 12 13 14 15 16 17 18 19 20 21 22 23 24 25 26 27 28 29 30 31 32 33 34 35 36 37 38 39 40 41 42 43 44 45 46 47 48 49 50 51 52 53 54 55 56 57 58 59 60 61 62 63
2	6	1	64 20 20.3125 20.625 20.9375 21.25 21.5625 21.875 22.1875 22.5 22.8125 23.125 23.4375 23.75 24.0625 24.375 24.6875 25 25.3125 25.625 25.9375 26.25 26.5625 26.875 27.1875 27.5 27.8125 28.125 28.4375 28.75 29.0625 29.375 29.6875 30 30.3125 30.625 30.9375 31.25 31.5625 31.875 32.1875 32.5 32.8125 33.125 33.4375 33.75 34.0625 34.375 34.6875 35 35.3125 35.625 35.9375 36.25 36.5625 36.875 37.1875 37.5 37.8125 38.125 38.4375 38.75 39.0625 39.375 39.6875
2	7	0	64 0 1 2 3 4 5 6 7 8 9 10 11 12 13 14 15 16 17 18 19 20 21 22 23 24 25 26 27 28 29 30 31 32 33 34 35 36 37 38 39 40 41 42 43 44 45 46 47 48 49 50 51 52 53 54 55 56 57 58 59 60 61 62 63
2	7	0	64 0 0.3125 0.625 0.9375 1.25 1.5625 1.875 2.1875 2.5 2.8125 3.125 3.4375 3.75 4.0625 4.375 4.6875 5 5.3125 5.625 5.9375 6.25 6.5625 6.875 7.1875 7.5 7.8125 8.125 8.4375 8.75 9.0625 9.375 9.6875 10 10.3125 10.625 10.9375 11.25 11.5625 11.875 12.1875 12.5 12.8125 13.125 13.4375 13.75 14.0625 14.375 14.6875 15 15.3125 15.625 15.9375 16.25 16.5625 16.875 17.1875 17.5 17.8125 18.125 18.4375 18.75 19.0625 19.375 19.6875
2	7	1	64 0 1 2 3 4 5 6 7 8 9 10 11 12 13 14 15 16 17 18 19 20 21 22 23 24 25 26 27 28 29 30 31 32 33 34 35 36 37 38 39 40 41 42 43 44 45 46 47 48 49 50 51 52 53 54 55 56 57 58 59 60 61 62 63
2	7	1	64 20 20.3125 20.625 20.9375 21.25 21.5625 21.875 22.1875 22.5 22.8125 23.125 23.4375 23.75 24.0625 24.375 24.6875 25 25.3125 25.625 25.9375 26.25 26.5625 26.875 27.1875 27.5 27.8125 28.125 28.4375 28.75 29.0625 29.375 29.6875 30 30.3125 30.625 30.9375 31.25 31.5625 31.875 32.1875 32.5 32.8125 33.125 33.4375 33.75 34.0625 34.375 34.6875 35 35.3125 35.625 35.9375 36.25 36.5625 36.875 37.1875 37.5 37.8125 38.125 38.4375 38.75 39.0625 39.375 39.6875
3	0	0	64 0 1 2 3 4 5 6 7 8 9 10 11 12 13 14 15 16 17 18 19 20 21 22 23 24 25 26 27 28 29 30 31 32 33 34 35 36 37 38 39 40 41 42 43 44 45 46 47 48 49 50 51 52 53 54 55 56 57 58 59 60 61 62 63 
3	0	0	64 0.0 0.16568 0.59963 0.77866 1.20325 1.31009 1.80167 1.98051 2.37291 2.54884 2.91904 3.15109 3.49159 3.71673 4.10623 4.29481 4.80876 4.96905 5.44202 5.67496 6.08335 6.31206 6.66875 6.89201 7.22811 7.41201 7.79865 8.01646 8.38048 8.58056 9.01463 9.20908 9.73627 9.90228 10.42013 10.71683 11.08541 11.27532 11.61673 11.82037 12.13832 12.36306 12.75978 12.97723 13.39159 13.60693 14.03709 14.26204 14.76908 15.0115 15.50075 15.67605 16.08036 16.29048 16.71832 16.97221 17.37048 17.59198 18.04259 18.36031 18.76991 18.95239 19.45366 19.68638 
3	0	1	64 64 65 66 67 68 69 70 71 72 73 74 75 76 77 78 79 80 81 82 83 84 85 86 87 88 89 90 91 92 93 94 95 96 97 98 99 100 101 102 103 104 105 106 107 108 109 110 111 112 113 114 115 116 117 118 119 120 121 122 123 124 125 126 127 
3	0	1	64 20.04056 20.30991 20.69748 20.94559 21.41857 21.65592 22.13681 22.37682 22.75631 22.96802 23.33925 23.55454 23.92508 24.15558 24.60324 24.86443 25.3724 25.5996 26.02719 26.35405 26.71703 26.93248 27.27926 27.49698 27.83576 28.07999 28.4812 28.71001 29.10667 29.3404 29.76187 30.00261 30.47489 30.64909 31.10679 31.37605 31.69178 31.87999 32.2541 32.48096 32.83957 33.05704 33.4442 33.68871 34.12199 34.34577 34.73477 34.91973 35.35932 35.55447 35.94841 36.14253 36.47531 36.63775 36.99869 37.19697 37.49097 37.70094 38.11678 38.28465 38.67905 38.89027 39.30307 39.47786 
3	1	0	64 0 1 2 3 4 5 6 7 8 9 10 11 12 13 14 15 16 17 18 19 20 21 22 23 24 25 26 27 28 29 30 31 32 33 34 35 36 37 38 39 40 41 42 43 44 45 46 47 48 49 50 51 52 53 54 55 56 57 58 59 60 61 62 63 
3	1	0	64 0.0 0.19681 0.66572 0.80328 1.26967 1.39459 1.84927 1.99759 2.42858 2.56838 2.99291 3.16087 3.58796 3.76852 4.24586 4.39088 4.89578 5.00531 5.49668 5.63563 6.12152 6.27832 6.75715 6.90181 7.34891 7.46562 7.93613 8.08981 8.5574 8.69036 9.20607 9.33622 9.86995 9.96048 10.48665 10.66224 11.12641 11.30313 11.72351 11.90268 12.33243 12.47181 12.96 13.08451 13.56646 13.69968 14.24502 14.39004 14.8893 15.05445 15.56138 15.73245 16.17118 16.36161 16.86227 17.05522 17.63594 17.73249 18.27808 18.39783 18.88259 19.08287 19.64209 19.78159 
3	1	1	61 64 65 66 67 68 69 70 71 72 73 74 75 76 77 78 79 80 81 82 83 84 85 86 87 88 89 90 91 92 93 94 95 96 97 98 99 100 101 102 103 104 105 106 107 108 109 110 112 114 116 117 118 119 120 121 122 123 124 125 126 127 
3	1	1	61 20.23132 20.33059 20.86924 21.03156 21.55095 21.74089 22.29693 22.42999 22.94839 23.05176 23.59434 23.70799 24.21771 24.3241 24.86327 25.01538 25.55786 25.6725 26.20522 26.36116 26.85824 26.99314 27.54896 27.62406 28.16688 28.21979 28.76354 28.8439 29.40021 29.51104 30.16475 30.20576 30.80701 30.83729 31.36108 31.4619 31.98379 32.03634 32.57212 32.62909 33.16712 33.20781 33.79215 33.85123 34.40225 34.50637 35.12897 35.9046 36.42583 36.7656 36.80115 37.26125 37.35208 37.8039 37.90173 38.43996 38.50097 38.99341 39.09298 39.57748 39.62552 
3	2	0	32 1 3 5 7 9 11 13 15 17 19 21 23 25 27 29 31 33 35 37 39 41 43 45 47 49 51 53 55 57 59 61 63 
3	2	0	32 0.36007 0.82158 1.48324 2.2409 2.78558 3.29335 4.06474 4.71791 5.17638 5.91291 6.50637 7.08449 7.71578 8.39024 9.05104 9.66165 10.21232 10.84512 11.49116 12.16744 12.80834 13.41155 14.0183 14.68327 15.29814 15.98176 16.62305 17.21197 17.84839 18.61429 19.32236 19.73067 
3	2	1	32 65 67 69 71 73 75 77 79 81 83 85 87 89 91 93 95 97 99 101 103 105 107 109 111 113 115 117 119 121 123 125 127 
3	2	1	32 20.82018 21.33383 22.04335 22.57117 23.35835 24.0642 24.52504 25.3305 25.94107 26.53023 27.23682 27.69492 28.41454 29.12813 29.58423 30.35149 31.02507 31.4228 32.18354 32.89336 33.30729 34.07939 34.73624 35.1703 35.82001 36.41601 37.04689 37.64938 38.10616 38.78944 39.53461 40.21446 
3	3	0	32 1 3 5 7 9 11 13 15 17 19 21 23 25 27 29 31 33 35 37 39 41 43 45 47 49 51 53 55 57 59 61 63 
3	3	0	32 0.28263 0.86376 1.43529 1.99655 2.54677 3.21891 3.83229 4.45782 5.06329 5.69111 6.26529 6.87859 7.46853 8.16265 8.76532 9.40407 9.97571 10.7468 11.34146 11.9207 12.56616 13.19792 13.78599 14.50237 15.10727 15.77282 16.41374 17.08538 17.82267 18.57284 19.19279 19.85099 
3	3	1	32 65 67 69 71 73 75 77 79 81 83 85 87 89 91 93 95 97 99 101 103 105 107 109 111 113 115 117 119 121 123 125 127 
3	3	1	32 20.36694 21.08112 21.77268 22.46267 23.16908 23.78774 24.43121 25.078 25.69229 26.41765 27.07071 27.64873 28.36153 28.98649 29.6083 30.21968 30.90482 31.53801 32.09402 32.65588 33.30337 34.01317 34.61313 35.09482 35.83518 36.33241 36.83627 37.41645 38.0415 38.58749 39.11307 39.64476 
3	4	0	64 0 1 2 3 4 5 6 7 8 9 10 11 12 13 14 15 16 17 18 19 20 21 22 23 24 25 26 27 28 29 30 31 32 33 34 35 36 37 38 39 40 41 42 43 44 45 46 47 48 49 50 51 52 53 54 55 56 57 58 59 60 61 62 63
3	4	0	64 0 0.3125 0.625 0.9375 1.25 1.5625 1.875 2.1875 2.5 2.8125 3.125 3.4375 3.75 4.0625 4.375 4.6875 5 5.3125 5.625 5.9375 6.25 6.5625 6.875 7.1875 7.5 7.8125 8.125 8.4375 8.75 9.0625 9.375 9.6875 10 10.3125 10.625 10.9375 11.25 11.5625 11.875 12.1875 12.5 12.8125 13.125 13.4375 13.75 14.0625 14.375 14.6875 15 15.3125 15.625 15.9375 16.25 16.5625 16.875 17.1875 17.5 17.8125 18.125 18.4375 18.75 19.0625 19.375 19.6875
3	4	1	64 0 1 2 3 4 5 6 7 8 9 10 11 12 13 14 15 16 17 18 19 20 21 22 23 24 25 26 27 28 29 30 31 32 33 34 35 36 37 38 39 40 41 42 43 44 45 46 47 48 49 50 51 52 53 54 55 56 57 58 59 60 61 62 63
3	4	1	64 20 20.3125 20.625 20.9375 21.25 21.5625 21.875 22.1875 22.5 22.8125 23.125 23.4375 23.75 24.0625 24.375 24.6875 25 25.3125 25.625 25.9375 26.25 26.5625 26.875 27.1875 27.5 27.8125 28.125 28.4375 28.75 29.0625 29.375 29.6875 30 30.3125 30.625 30.9375 31.25 31.5625 31.875 32.1875 32.5 32.8125 33.125 33.4375 33.75 34.0625 34.375 34.6875 35 35.3125 35.625 35.9375 36.25 36.5625 36.875 37.1875 37.5 37.8125 38.125 38.4375 38.75 39.0625 39.375 39.6875
3	5	0	64 0 1 2 3 4 5 6 7 8 9 10 11 12 13 14 15 16 17 18 19 20 21 22 23 24 25 26 27 28 29 30 31 32 33 34 35 36 37 38 39 40 41 42 43 44 45 46 47 48 49 50 51 52 53 54 55 56 57 58 59 60 61 62 63
3	5	0	64 0 0.3125 0.625 0.9375 1.25 1.5625 1.875 2.1875 2.5 2.8125 3.125 3.4375 3.75 4.0625 4.375 4.6875 5 5.3125 5.625 5.9375 6.25 6.5625 6.875 7.1875 7.5 7.8125 8.125 8.4375 8.75 9.0625 9.375 9.6875 10 10.3125 10.625 10.9375 11.25 11.5625 11.875 12.1875 12.5 12.8125 13.125 13.4375 13.75 14.0625 14.375 14.6875 15 15.3125 15.625 15.9375 16.25 16.5625 16.875 17.1875 17.5 17.8125 18.125 18.4375 18.75 19.0625 19.375 19.6875
3	5	1	64 0 1 2 3 4 5 6 7 8 9 10 11 12 13 14 15 16 17 18 19 20 21 22 23 24 25 26 27 28 29 30 31 32 33 34 35 36 37 38 39 40 41 42 43 44 45 46 47 48 49 50 51 52 53 54 55 56 57 58 59 60 61 62 63
3	5	1	64 20 20.3125 20.625 20.9375 21.25 21.5625 21.875 22.1875 22.5 22.8125 23.125 23.4375 23.75 24.0625 24.375 24.6875 25 25.3125 25.625 25.9375 26.25 26.5625 26.875 27.1875 27.5 27.8125 28.125 28.4375 28.75 29.0625 29.375 29.6875 30 30.3125 30.625 30.9375 31.25 31.5625 31.875 32.1875 32.5 32.8125 33.125 33.4375 33.75 34.0625 34.375 34.6875 35 35.3125 35.625 35.9375 36.25 36.5625 36.875 37.1875 37.5 37.8125 38.125 38.4375 38.75 39.0625 39.375 39.6875
3	6	0	64 0 1 2 3 4 5 6 7 8 9 10 11 12 13 14 15 16 17 18 19 20 21 22 23 24 25 26 27 28 29 30 31 32 33 34 35 36 37 38 39 40 41 42 43 44 45 46 47 48 49 50 51 52 53 54 55 56 57 58 59 60 61 62 63
3	6	0	64 0 0.3125 0.625 0.9375 1.25 1.5625 1.875 2.1875 2.5 2.8125 3.125 3.4375 3.75 4.0625 4.375 4.6875 5 5.3125 5.625 5.9375 6.25 6.5625 6.875 7.1875 7.5 7.8125 8.125 8.4375 8.75 9.0625 9.375 9.6875 10 10.3125 10.625 10.9375 11.25 11.5625 11.875 12.1875 12.5 12.8125 13.125 13.4375 13.75 14.0625 14.375 14.6875 15 15.3125 15.625 15.9375 16.25 16.5625 16.875 17.1875 17.5 17.8125 18.125 18.4375 18.75 19.0625 19.375 19.6875
3	6	1	64 0 1 2 3 4 5 6 7 8 9 10 11 12 13 14 15 16 17 18 19 20 21 22 23 24 25 26 27 28 29 30 31 32 33 34 35 36 37 38 39 40 41 42 43 44 45 46 47 48 49 50 51 52 53 54 55 56 57 58 59 60 61 62 63
3	6	1	64 20 20.3125 20.625 20.9375 21.25 21.5625 21.875 22.1875 22.5 22.8125 23.125 23.4375 23.75 24.0625 24.375 24.6875 25 25.3125 25.625 25.9375 26.25 26.5625 26.875 27.1875 27.5 27.8125 28.125 28.4375 28.75 29.0625 29.375 29.6875 30 30.3125 30.625 30.9375 31.25 31.5625 31.875 32.1875 32.5 32.8125 33.125 33.4375 33.75 34.0625 34.375 34.6875 35 35.3125 35.625 35.9375 36.25 36.5625 36.875 37.1875 37.5 37.8125 38.125 38.4375 38.75 39.0625 39.375 39.6875
3	7	0	64 0 1 2 3 4 5 6 7 8 9 10 11 12 13 14 15 16 17 18 19 20 21 22 23 24 25 26 27 28 29 30 31 32 33 34 35 36 37 38 39 40 41 42 43 44 45 46 47 48 49 50 51 52 53 54 55 56 57 58 59 60 61 62 63
3	7	0	64 0 0.3125 0.625 0.9375 1.25 1.5625 1.875 2.1875 2.5 2.8125 3.125 3.4375 3.75 4.0625 4.375 4.6875 5 5.3125 5.625 5.9375 6.25 6.5625 6.875 7.1875 7.5 7.8125 8.125 8.4375 8.75 9.0625 9.375 9.6875 10 10.3125 10.625 10.9375 11.25 11.5625 11.875 12.1875 12.5 12.8125 13.125 13.4375 13.75 14.0625 14.375 14.6875 15 15.3125 15.625 15.9375 16.25 16.5625 16.875 17.1875 17.5 17.8125 18.125 18.4375 18.75 19.0625 19.375 19.6875
3	7	1	64 0 1 2 3 4 5 6 7 8 9 10 11 12 13 14 15 16 17 18 19 20 21 22 23 24 25 26 27 28 29 30 31 32 33 34 35 36 37 38 39 40 41 42 43 44 45 46 47 48 49 50 51 52 53 54 55 56 57 58 59 60 61 62 63
3	7	1	64 20 20.3125 20.625 20.9375 21.25 21.5625 21.875 22.1875 22.5 22.8125 23.125 23.4375 23.75 24.0625 24.375 24.6875 25 25.3125 25.625 25.9375 26.25 26.5625 26.875 27.1875 27.5 27.8125 28.125 28.4375 28.75 29.0625 29.375 29.6875 30 30.3125 30.625 30.9375 31.25 31.5625 31.875 32.1875 32.5 32.8125 33.125 33.4375 33.75 34.0625 34.375 34.6875 35 35.3125 35.625 35.9375 36.25 36.5625 36.875 37.1875 37.5 37.8125 38.125 38.4375 38.75 39.0625 39.375 39.6875
