0	0	0	64 0 1 2 3 4 5 6 7 8 9 10 11 12 13 14 15 16 17 18 19 20 21 22 23 24 25 26 27 28 29 30 31 32 33 34 35 36 37 38 39 40 41 42 43 44 45 46 47 48 49 50 51 52 53 54 55 56 57 58 59 60 61 62 63 
0	0	0	64 0.0 0.18956 0.61557 0.79007 1.24495 1.42828 1.8354 2.04207 2.40651 2.61395 2.95579 3.15556 3.48517 3.71147 4.09988 4.30693 4.70195 4.90172 5.35298 5.56988 5.99001 6.21102 6.62946 6.86604 7.22675 7.43209 7.79192 8.0235 8.39616 8.62784 9.02155 9.26577 9.70764 9.93652 10.38296 10.63465 11.02944 11.2444 11.60392 11.83871 12.15963 12.39212 12.73429 12.98166 13.34717 13.60629 14.03083 14.31836 14.75293 15.00552 15.42066 15.6619 16.0551 16.33636 16.71363 16.9901 17.35548 17.60469 18.02893 18.27938 18.70833 18.99542 19.47182 19.69686 
0	0	1	64 0 1 2 3 4 5 6 7 8 9 10 11 12 13 14 15 16 17 18 19 20 21 22 23 24 25 26 27 28 29 30 31 32 33 34 35 36 37 38 39 40 41 42 43 44 45 46 47 48 49 50 51 52 53 54 55 56 57 58 59 60 61 62 63 
0	0	1	64 20.06353 20.29071 20.69106 20.98406 21.41156 21.68811 22.09742 22.37445 22.74079 22.98714 23.35474 23.61017 23.99251 24.2468 24.68745 24.94097 25.36029 25.60502 26.0474 26.31364 26.68325 26.94324 27.31876 27.57414 27.94441 28.15195 28.55068 28.7744 29.18428 29.40827 29.85448 30.11533 30.5087 30.73351 31.17712 31.3773 31.7075 31.95696 32.33259 32.53993 32.90731 33.11536 33.56899 33.77326 34.21364 34.40857 34.88804 35.0698 35.48319 35.65117 36.05977 36.23633 36.60114 36.77964 37.13736 37.31334 37.67115 37.86016 38.29456 38.47382 38.88851 39.10295 39.5214 39.67533 
0	1	0	64 0 1 2 3 4 5 6 7 8 9 10 11 12 13 14 15 16 17 18 19 20 21 22 23 24 25 26 27 28 29 30 31 32 33 34 35 36 37 38 39 40 41 42 43 44 45 46 47 48 49 50 51 52 53 54 55 56 57 58 59 60 61 62 63 
0	1	0	64 0.0 0.13269 0.59959 0.74222 1.23129 1.359 1.81527 1.96841 2.37631 2.54671 2.95178 3.1103 3.51883 3.67408 4.13728 4.27639 4.77401 4.88977 5.38422 5.54652 5.99833 6.16658 6.62631 6.82538 7.23992 7.3937 7.82682 8.00222 8.45373 8.6059 9.08142 9.26304 9.77024 9.91576 10.4246 10.59954 11.06152 11.21256 11.64207 11.81191 12.21776 12.37468 12.81265 12.97944 13.42863 13.61325 14.12859 14.31962 14.84607 15.00189 15.47576 15.65336 16.08146 16.30499 16.76834 16.99946 17.50566 17.62449 18.16827 18.32813 18.8245 19.0234 19.55527 19.70465 
0	1	1	64 0 1 2 3 4 5 6 7 8 9 10 11 12 13 14 15 16 17 18 19 20 21 22 23 24 25 26 27 28 29 30 31 32 33 34 35 36 37 38 39 40 41 42 43 44 45 46 47 48 49 50 51 52 53 54 55 56 57 58 59 60 61 62 63 
0	1	1	64 20.20175 20.30786 20.80064 20.97364 21.50948 21.69247 22.23448 22.38367 22.90767 23.02179 23.51117 23.6522 24.12294 24.28549 24.8455 24.97628 25.52737 25.63358 26.17174 26.3377 26.81906 26.96937 27.48222 27.61748 28.16951 28.22556 28.73781 28.84342 29.35777 29.46819 30.02268 30.15676 30.69875 30.79837 31.33217 31.43682 31.86328 32.01148 32.48521 32.61383 33.0987 33.20116 33.773 33.86967 34.36801 34.49905 35.04102 35.14945 35.6961 35.75079 36.26364 36.33508 36.81412 36.88242 37.3383 37.41845 37.84053 37.96554 38.46948 38.57361 39.02564 39.18672 39.67149 39.75006 
0	2	0	32 1 3 5 7 9 11 13 15 17 19 21 23 25 27 29 31 33 35 37 39 41 43 45 47 49 51 53 55 57 59 61 63 
0	2	0	32 0.06682 0.67364 1.25879 1.85374 2.40585 3.00886 3.5842 4.22748 4.84642 5.50391 6.07854 6.71709 7.31649 7.92915 8.59439 9.24945 9.86075 10.55685 11.1764 11.79072 12.34205 12.96398 13.56811 14.26293 14.94583 15.63466 16.29 16.97585 17.6473 18.32107 19.0063 19.67336 
0	2	1	32 1 3 5 7 9 11 13 15 17 19 21 23 25 27 29 31 33 35 37 39 41 43 45 47 49 51 53 55 57 59 61 63 
0	2	1	32 20.24845 20.98372 21.69328 22.37586 22.98662 23.60335 24.23819 24.94627 25.65493 26.35329 26.98496 27.58169 28.17924 28.81201 29.44553 30.13624 30.75166 31.42466 32.0393 32.63091 33.21996 33.88609 34.49116 35.10043 35.76298 36.36127 36.89229 37.42813 37.99513 38.58798 39.1777 39.69004 
0	3	0	32 1 3 5 7 9 11 13 15 17 19 21 23 25 27 29 31 33 35 37 39 41 43 45 47 49 51 53 55 57 59 61 63 
0	3	0	32 -0.00475 0.58274 1.17994 1.75175 2.33428 2.9375 3.5238 4.14005 4.76958 5.40781 5.99822 6.62509 7.22797 7.86573 8.49781 9.15405 9.78582 10.50522 11.14805 11.72376 12.30376 12.91285 13.50857 14.16659 14.91283 15.59844 16.27489 16.925 17.62094 18.26312 18.9685 19.60103 
0	3	1	32 1 3 5 7 9 11 13 15 17 19 21 23 25 27 29 31 33 35 37 39 41 43 45 47 49 51 53 55 57 59 61 63 
0	3	1	32 20.20352 20.89125 21.69422 22.3154 22.93741 23.52698 24.17994 24.82357 25.59118 26.34541 26.96967 27.4963 28.09927 28.73701 29.38405 30.05614 30.74348 31.43816 32.04914 32.55511 33.22589 33.85431 34.45509 35.04381 35.79793 36.35381 36.89111 37.35266 38.01575 38.54099 39.16054 39.5964 
0	4	0	64 0 1 2 3 4 5 6 7 8 9 10 11 12 13 14 15 16 17 18 19 20 21 22 23 24 25 26 27 28 29 30 31 32 33 34 35 36 37 38 39 40 41 42 43 44 45 46 47 48 49 50 51 52 53 54 55 56 57 58 59 60 61 62 63
0	4	0	64 0 0.3125 0.625 0.9375 1.25 1.5625 1.875 2.1875 2.5 2.8125 3.125 3.4375 3.75 4.0625 4.375 4.6875 5 5.3125 5.625 5.9375 6.25 6.5625 6.875 7.1875 7.5 7.8125 8.125 8.4375 8.75 9.0625 9.375 9.6875 10 10.3125 10.625 10.9375 11.25 11.5625 11.875 12.1875 12.5 12.8125 13.125 13.4375 13.75 14.0625 14.375 14.6875 15 15.3125 15.625 15.9375 16.25 16.5625 16.875 17.1875 17.5 17.8125 18.125 18.4375 18.75 19.0625 19.375 19.6875
0	4	1	64 0 1 2 3 4 5 6 7 8 9 10 11 12 13 14 15 16 17 18 19 20 21 22 23 24 25 26 27 28 29 30 31 32 33 34 35 36 37 38 39 40 41 42 43 44 45 46 47 48 49 50 51 52 53 54 55 56 57 58 59 60 61 62 63
0	4	1	64 20 20.3125 20.625 20.9375 21.25 21.5625 21.875 22.1875 22.5 22.8125 23.125 23.4375 23.75 24.0625 24.375 24.6875 25 25.3125 25.625 25.9375 26.25 26.5625 26.875 27.1875 27.5 27.8125 28.125 28.4375 28.75 29.0625 29.375 29.6875 30 30.3125 30.625 30.9375 31.25 31.5625 31.875 32.1875 32.5 32.8125 33.125 33.4375 33.75 34.0625 34.375 34.6875 35 35.3125 35.625 35.9375 36.25 36.5625 36.875 37.1875 37.5 37.8125 38.125 38.4375 38.75 39.0625 39.375 39.6875
0	5	0	64 0 1 2 3 4 5 6 7 8 9 10 11 12 13 14 15 16 17 18 19 20 21 22 23 24 25 26 27 28 29 30 31 32 33 34 35 36 37 38 39 40 41 42 43 44 45 46 47 48 49 50 51 52 53 54 55 56 57 58 59 60 61 62 63
0	5	0	64 0 0.3125 0.625 0.9375 1.25 1.5625 1.875 2.1875 2.5 2.8125 3.125 3.4375 3.75 4.0625 4.375 4.6875 5 5.3125 5.625 5.9375 6.25 6.5625 6.875 7.1875 7.5 7.8125 8.125 8.4375 8.75 9.0625 9.375 9.6875 10 10.3125 10.625 10.9375 11.25 11.5625 11.875 12.1875 12.5 12.8125 13.125 13.4375 13.75 14.0625 14.375 14.6875 15 15.3125 15.625 15.9375 16.25 16.5625 16.875 17.1875 17.5 17.8125 18.125 18.4375 18.75 19.0625 19.375 19.6875
0	5	1	64 0 1 2 3 4 5 6 7 8 9 10 11 12 13 14 15 16 17 18 19 20 21 22 23 24 25 26 27 28 29 30 31 32 33 34 35 36 37 38 39 40 41 42 43 44 45 46 47 48 49 50 51 52 53 54 55 56 57 58 59 60 61 62 63
0	5	1	64 20 20.3125 20.625 20.9375 21.25 21.5625 21.875 22.1875 22.5 22.8125 23.125 23.4375 23.75 24.0625 24.375 24.6875 25 25.3125 25.625 25.9375 26.25 26.5625 26.875 27.1875 27.5 27.8125 28.125 28.4375 28.75 29.0625 29.375 29.6875 30 30.3125 30.625 30.9375 31.25 31.5625 31.875 32.1875 32.5 32.8125 33.125 33.4375 33.75 34.0625 34.375 34.6875 35 35.3125 35.625 35.9375 36.25 36.5625 36.875 37.1875 37.5 37.8125 38.125 38.4375 38.75 39.0625 39.375 39.6875
0	6	0	64 0 1 2 3 4 5 6 7 8 9 10 11 12 13 14 15 16 17 18 19 20 21 22 23 24 25 26 27 28 29 30 31 32 33 34 35 36 37 38 39 40 41 42 43 44 45 46 47 48 49 50 51 52 53 54 55 56 57 58 59 60 61 62 63
0	6	0	64 0 0.3125 0.625 0.9375 1.25 1.5625 1.875 2.1875 2.5 2.8125 3.125 3.4375 3.75 4.0625 4.375 4.6875 5 5.3125 5.625 5.9375 6.25 6.5625 6.875 7.1875 7.5 7.8125 8.125 8.4375 8.75 9.0625 9.375 9.6875 10 10.3125 10.625 10.9375 11.25 11.5625 11.875 12.1875 12.5 12.8125 13.125 13.4375 13.75 14.0625 14.375 14.6875 15 15.3125 15.625 15.9375 16.25 16.5625 16.875 17.1875 17.5 17.8125 18.125 18.4375 18.75 19.0625 19.375 19.6875
0	6	1	64 0 1 2 3 4 5 6 7 8 9 10 11 12 13 14 15 16 17 18 19 20 21 22 23 24 25 26 27 28 29 30 31 32 33 34 35 36 37 38 39 40 41 42 43 44 45 46 47 48 49 50 51 52 53 54 55 56 57 58 59 60 61 62 63
0	6	1	64 20 20.3125 20.625 20.9375 21.25 21.5625 21.875 22.1875 22.5 22.8125 23.125 23.4375 23.75 24.0625 24.375 24.6875 25 25.3125 25.625 25.9375 26.25 26.5625 26.875 27.1875 27.5 27.8125 28.125 28.4375 28.75 29.0625 29.375 29.6875 30 30.3125 30.625 30.9375 31.25 31.5625 31.875 32.1875 32.5 32.8125 33.125 33.4375 33.75 34.0625 34.375 34.6875 35 35.3125 35.625 35.9375 36.25 36.5625 36.875 37.1875 37.5 37.8125 38.125 38.4375 38.75 39.0625 39.375 39.6875
0	7	0	64 0 1 2 3 4 5 6 7 8 9 10 11 12 13 14 15 16 17 18 19 20 21 22 23 24 25 26 27 28 29 30 31 32 33 34 35 36 37 38 39 40 41 42 43 44 45 46 47 48 49 50 51 52 53 54 55 56 57 58 59 60 61 62 63
0	7	0	64 0 0.3125 0.625 0.9375 1.25 1.5625 1.875 2.1875 2.5 2.8125 3.125 3.4375 3.75 4.0625 4.375 4.6875 5 5.3125 5.625 5.9375 6.25 6.5625 6.875 7.1875 7.5 7.8125 8.125 8.4375 8.75 9.0625 9.375 9.6875 10 10.3125 10.625 10.9375 11.25 11.5625 11.875 12.1875 12.5 12.8125 13.125 13.4375 13.75 14.0625 14.375 14.6875 15 15.3125 15.625 15.9375 16.25 16.5625 16.875 17.1875 17.5 17.8125 18.125 18.4375 18.75 19.0625 19.375 19.6875
0	7	1	64 0 1 2 3 4 5 6 7 8 9 10 11 12 13 14 15 16 17 18 19 20 21 22 23 24 25 26 27 28 29 30 31 32 33 34 35 36 37 38 39 40 41 42 43 44 45 46 47 48 49 50 51 52 53 54 55 56 57 58 59 60 61 62 63
0	7	1	64 20 20.3125 20.625 20.9375 21.25 21.5625 21.875 22.1875 22.5 22.8125 23.125 23.4375 23.75 24.0625 24.375 24.6875 25 25.3125 25.625 25.9375 26.25 26.5625 26.875 27.1875 27.5 27.8125 28.125 28.4375 28.75 29.0625 29.375 29.6875 30 30.3125 30.625 30.9375 31.25 31.5625 31.875 32.1875 32.5 32.8125 33.125 33.4375 33.75 34.0625 34.375 34.6875 35 35.3125 35.625 35.9375 36.25 36.5625 36.875 37.1875 37.5 37.8125 38.125 38.4375 38.75 39.0625 39.375 39.6875
1	0	0	64 0 1 2 3 4 5 6 7 8 9 10 11 12 13 14 15 16 17 18 19 20 21 22 23 24 25 26 27 28 29 30 31 32 33 34 35 36 37 38 39 40 41 42 43 44 45 46 47 48 49 50 51 52 53 54 55 56 57 58 59 60 61 62 63 
1	0	0	64 0.0 0.19305 0.64677 0.82384 1.29171 1.4281 1.86033 2.05436 2.42818 2.6099 2.9619 3.16003 3.4975 3.69001 4.06986 4.29438 4.72854 4.89642 5.34605 5.56225 6.00149 6.20877 6.61608 6.8301 7.19865 7.38964 7.75022 7.96151 8.34008 8.5392 8.94805 9.16485 9.62808 9.82263 10.29343 10.52321 10.91686 11.15369 11.53667 11.77347 12.11187 12.30987 12.67555 12.89862 13.2704 13.51151 13.92937 14.19196 14.62513 14.85848 15.2872 15.51841 15.90886 16.17374 16.56895 16.84788 17.24396 17.47219 17.90437 18.17898 18.62445 18.88409 19.36861 19.57074 
1	0	1	64 0 1 2 3 4 5 6 7 8 9 10 11 12 13 14 15 16 17 18 19 20 21 22 23 24 25 26 27 28 29 30 31 32 33 34 35 36 37 38 39 40 41 42 43 44 45 46 47 48 49 50 51 52 53 54 55 56 57 58 59 60 61 62 63 
1	0	1	64 19.96258 20.15523 20.59863 20.83728 21.28155 21.54171 21.9395 22.21682 22.59856 22.81706 23.21018 23.44371 23.84781 24.06218 24.53123 24.76741 25.21679 25.44447 25.89223 26.15433 26.5521 26.76782 27.16234 27.40512 27.78164 27.97515 28.44941 28.60265 29.0775 29.24105 29.72548 29.94813 30.40406 30.581 31.02492 31.21604 31.58057 31.7787 32.19412 32.37146 32.78573 32.93905 33.42747 33.5916 34.04077 34.22199 34.713 34.87727 35.32942 35.46109 35.91141 36.03347 36.40216 36.57506 36.95996 37.12541 37.50254 37.65567 38.10619 38.26939 38.7091 38.88329 39.29248 39.43556 
1	1	0	64 0 1 2 3 4 5 6 7 8 9 10 11 12 13 14 15 16 17 18 19 20 21 22 23 24 25 26 27 28 29 30 31 32 33 34 35 36 37 38 39 40 41 42 43 44 45 46 47 48 49 50 51 52 53 54 55 56 57 58 59 60 61 62 63 
1	1	0	64 0.0 0.11741 0.62502 0.73437 1.25133 1.31314 1.813 1.91016 2.3834 2.46389 2.90209 3.03196 3.49033 3.57248 4.04354 4.1852 4.70264 4.78084 5.28792 5.43627 5.93455 6.07293 6.54161 6.71359 7.14776 7.29868 7.73122 7.87763 8.32905 8.46871 8.92025 9.09318 9.6372 9.74461 10.26612 10.43696 10.88185 11.05679 11.51364 11.70595 12.10694 12.23478 12.67958 12.86076 13.27421 13.46377 13.94359 14.13681 14.6168 14.78893 15.24916 15.44068 15.87318 16.08669 16.52262 16.75221 17.23006 17.3865 17.86848 18.08898 18.57483 18.77372 19.27746 19.43849 
1	1	1	64 0 1 2 3 4 5 6 7 8 9 10 11 12 13 14 15 16 17 18 19 20 21 22 23 24 25 26 27 28 29 30 31 32 33 34 35 36 37 38 39 40 41 42 43 44 45 46 47 48 49 50 51 52 53 54 55 56 57 58 59 60 61 62 63 
1	1	1	64 19.91932 20.05359 20.5389 20.71898 21.22665 21.43204 21.88788 22.09579 22.57771 22.70286 23.16736 23.36446 23.82156 23.97252 24.47489 24.67839 25.21157 25.34435 25.87683 26.07076 26.52625 26.65713 27.14297 27.31853 27.79558 27.90944 28.45403 28.55987 29.06241 29.16982 29.69617 29.86251 30.38254 30.49086 31.00033 31.14381 31.5706 31.70683 32.17411 32.31024 32.82862 32.90973 33.4387 33.54516 34.0658 34.17931 34.65247 34.79373 35.33095 35.39205 35.92134 35.98428 36.40219 36.51047 36.93362 37.07627 37.51547 37.61341 38.13262 38.23294 38.69612 38.83624 39.26194 39.34831 
1	2	0	32 1 3 5 7 9 11 13 15 17 19 21 23 25 27 29 31 33 35 37 39 41 43 45 47 49 51 53 55 57 59 61 63 
1	2	0	32 0.06375 0.68076 1.26478 1.84949 2.39445 3.00978 3.58788 4.20902 4.83411 5.45645 6.05837 6.65735 7.24024 7.87111 8.49241 9.13223 9.73487 10.42947 11.06849 11.70944 12.24507 12.87136 13.4441 14.12145 14.77379 15.45553 16.10105 16.79326 17.48297 18.19328 18.90036 19.5545 
1	2	1	32 1 3 5 7 9 11 13 15 17 19 21 23 25 27 29 31 33 35 37 39 41 43 45 47 49 51 53 55 57 59 61 63 
1	2	1	32 20.13072 20.78918 21.53939 22.20146 22.79261 23.42561 24.03783 24.73644 25.43797 26.17062 26.79821 27.40026 27.98916 28.61177 29.26635 29.96806 30.61648 31.29413 31.8682 32.43734 33.04384 33.68814 34.30431 34.90173 35.56547 36.13633 36.68324 37.21931 37.78209 38.38804 38.97111 39.41789 
1	3	0	32 1 3 5 7 9 11 13 15 17 19 21 23 25 27 29 31 33 35 37 39 41 43 45 47 49 51 53 55 57 59 61 63 
1	3	0	32 0.02649 0.60599 1.19159 1.77322 2.35316 2.95647 3.5083 4.14588 4.77655 5.41105 5.96959 6.5827 7.18743 7.8257 8.42454 9.05048 9.66162 10.41053 11.06291 11.7129 12.23852 12.84246 13.42274 14.06148 14.74644 15.4502 16.12908 16.77181 17.4928 18.1278 18.88928 19.51853 
1	3	1	32 1 3 5 7 9 11 13 15 17 19 21 23 25 27 29 31 33 35 37 39 41 43 45 47 49 51 53 55 57 59 61 63 
1	3	1	32 20.078 20.78001 21.54082 22.18035 22.75997 23.38486 23.98791 24.65726 25.42614 26.1781 26.77064 27.35519 28.00121 28.58658 29.23702 29.90629 30.64307 31.33392 31.9373 32.41097 33.09892 33.71669 34.34773 34.86723 35.61514 36.21388 36.74227 37.19155 37.82605 38.4039 39.00021 39.35619 
1	4	0	64 0 1 2 3 4 5 6 7 8 9 10 11 12 13 14 15 16 17 18 19 20 21 22 23 24 25 26 27 28 29 30 31 32 33 34 35 36 37 38 39 40 41 42 43 44 45 46 47 48 49 50 51 52 53 54 55 56 57 58 59 60 61 62 63
1	4	0	64 0 0.3125 0.625 0.9375 1.25 1.5625 1.875 2.1875 2.5 2.8125 3.125 3.4375 3.75 4.0625 4.375 4.6875 5 5.3125 5.625 5.9375 6.25 6.5625 6.875 7.1875 7.5 7.8125 8.125 8.4375 8.75 9.0625 9.375 9.6875 10 10.3125 10.625 10.9375 11.25 11.5625 11.875 12.1875 12.5 12.8125 13.125 13.4375 13.75 14.0625 14.375 14.6875 15 15.3125 15.625 15.9375 16.25 16.5625 16.875 17.1875 17.5 17.8125 18.125 18.4375 18.75 19.0625 19.375 19.6875
1	4	1	64 0 1 2 3 4 5 6 7 8 9 10 11 12 13 14 15 16 17 18 19 20 21 22 23 24 25 26 27 28 29 30 31 32 33 34 35 36 37 38 39 40 41 42 43 44 45 46 47 48 49 50 51 52 53 54 55 56 57 58 59 60 61 62 63
1	4	1	64 20 20.3125 20.625 20.9375 21.25 21.5625 21.875 22.1875 22.5 22.8125 23.125 23.4375 23.75 24.0625 24.375 24.6875 25 25.3125 25.625 25.9375 26.25 26.5625 26.875 27.1875 27.5 27.8125 28.125 28.4375 28.75 29.0625 29.375 29.6875 30 30.3125 30.625 30.9375 31.25 31.5625 31.875 32.1875 32.5 32.8125 33.125 33.4375 33.75 34.0625 34.375 34.6875 35 35.3125 35.625 35.9375 36.25 36.5625 36.875 37.1875 37.5 37.8125 38.125 38.4375 38.75 39.0625 39.375 39.6875
1	5	0	64 0 1 2 3 4 5 6 7 8 9 10 11 12 13 14 15 16 17 18 19 20 21 22 23 24 25 26 27 28 29 30 31 32 33 34 35 36 37 38 39 40 41 42 43 44 45 46 47 48 49 50 51 52 53 54 55 56 57 58 59 60 61 62 63
1	5	0	64 0 0.3125 0.625 0.9375 1.25 1.5625 1.875 2.1875 2.5 2.8125 3.125 3.4375 3.75 4.0625 4.375 4.6875 5 5.3125 5.625 5.9375 6.25 6.5625 6.875 7.1875 7.5 7.8125 8.125 8.4375 8.75 9.0625 9.375 9.6875 10 10.3125 10.625 10.9375 11.25 11.5625 11.875 12.1875 12.5 12.8125 13.125 13.4375 13.75 14.0625 14.375 14.6875 15 15.3125 15.625 15.9375 16.25 16.5625 16.875 17.1875 17.5 17.8125 18.125 18.4375 18.75 19.0625 19.375 19.6875
1	5	1	64 0 1 2 3 4 5 6 7 8 9 10 11 12 13 14 15 16 17 18 19 20 21 22 23 24 25 26 27 28 29 30 31 32 33 34 35 36 37 38 39 40 41 42 43 44 45 46 47 48 49 50 51 52 53 54 55 56 57 58 59 60 61 62 63
1	5	1	64 20 20.3125 20.625 20.9375 21.25 21.5625 21.875 22.1875 22.5 22.8125 23.125 23.4375 23.75 24.0625 24.375 24.6875 25 25.3125 25.625 25.9375 26.25 26.5625 26.875 27.1875 27.5 27.8125 28.125 28.4375 28.75 29.0625 29.375 29.6875 30 30.3125 30.625 30.9375 31.25 31.5625 31.875 32.1875 32.5 32.8125 33.125 33.4375 33.75 34.0625 34.375 34.6875 35 35.3125 35.625 35.9375 36.25 36.5625 36.875 37.1875 37.5 37.8125 38.125 38.4375 38.75 39.0625 39.375 39.6875
1	6	0	64 0 1 2 3 4 5 6 7 8 9 10 11 12 13 14 15 16 17 18 19 20 21 22 23 24 25 26 27 28 29 30 31 32 33 34 35 36 37 38 39 40 41 42 43 44 45 46 47 48 49 50 51 52 53 54 55 56 57 58 59 60 61 62 63
1	6	0	64 0 0.3125 0.625 0.9375 1.25 1.5625 1.875 2.1875 2.5 2.8125 3.125 3.4375 3.75 4.0625 4.375 4.6875 5 5.3125 5.625 5.9375 6.25 6.5625 6.875 7.1875 7.5 7.8125 8.125 8.4375 8.75 9.0625 9.375 9.6875 10 10.3125 10.625 10.9375 11.25 11.5625 11.875 12.1875 12.5 12.8125 13.125 13.4375 13.75 14.0625 14.375 14.6875 15 15.3125 15.625 15.9375 16.25 16.5625 16.875 17.1875 17.5 17.8125 18.125 18.4375 18.75 19.0625 19.375 19.6875
1	6	1	64 0 1 2 3 4 5 6 7 8 9 10 11 12 13 14 15 16 17 18 19 20 21 22 23 24 25 26 27 28 29 30 31 32 33 34 35 36 37 38 39 40 41 42 43 44 45 46 47 48 49 50 51 52 53 54 55 56 57 58 59 60 61 62 63
1	6	1	64 20 20.3125 20.625 20.9375 21.25 21.5625 21.875 22.1875 22.5 22.8125 23.125 23.4375 23.75 24.0625 24.375 24.6875 25 25.3125 25.625 25.9375 26.25 26.5625 26.875 27.1875 27.5 27.8125 28.125 28.4375 28.75 29.0625 29.375 29.6875 30 30.3125 30.625 30.9375 31.25 31.5625 31.875 32.1875 32.5 32.8125 33.125 33.4375 33.75 34.0625 34.375 34.6875 35 35.3125 35.625 35.9375 36.25 36.5625 36.875 37.1875 37.5 37.8125 38.125 38.4375 38.75 39.0625 39.375 39.6875
1	7	0	64 0 1 2 3 4 5 6 7 8 9 10 11 12 13 14 15 16 17 18 19 20 21 22 23 24 25 26 27 28 29 30 31 32 33 34 35 36 37 38 39 40 41 42 43 44 45 46 47 48 49 50 51 52 53 54 55 56 57 58 59 60 61 62 63
1	7	0	64 0 0.3125 0.625 0.9375 1.25 1.5625 1.875 2.1875 2.5 2.8125 3.125 3.4375 3.75 4.0625 4.375 4.6875 5 5.3125 5.625 5.9375 6.25 6.5625 6.875 7.1875 7.5 7.8125 8.125 8.4375 8.75 9.0625 9.375 9.6875 10 10.3125 10.625 10.9375 11.25 11.5625 11.875 12.1875 12.5 12.8125 13.125 13.4375 13.75 14.0625 14.375 14.6875 15 15.3125 15.625 15.9375 16.25 16.5625 16.875 17.1875 17.5 17.8125 18.125 18.4375 18.75 19.0625 19.375 19.6875
1	7	1	64 0 1 2 3 4 5 6 7 8 9 10 11 12 13 14 15 16 17 18 19 20 21 22 23 24 25 26 27 28 29 30 31 32 33 34 35 36 37 38 39 40 41 42 43 44 45 46 47 48 49 50 51 52 53 54 55 56 57 58 59 60 61 62 63
1	7	1	64 20 20.3125 20.625 20.9375 21.25 21.5625 21.875 22.1875 22.5 22.8125 23.125 23.4375 23.75 24.0625 24.375 24.6875 25 25.3125 25.625 25.9375 26.25 26.5625 26.875 27.1875 27.5 27.8125 28.125 28.4375 28.75 29.0625 29.375 29.6875 30 30.3125 30.625 30.9375 31.25 31.5625 31.875 32.1875 32.5 32.8125 33.125 33.4375 33.75 34.0625 34.375 34.6875 35 35.3125 35.625 35.9375 36.25 36.5625 36.875 37.1875 37.5 37.8125 38.125 38.4375 38.75 39.0625 39.375 39.6875
2	0	0	64 0 1 2 3 4 5 6 7 8 9 10 11 12 13 14 15 16 17 18 19 20 21 22 23 24 25 26 27 28 29 30 31 32 33 34 35 36 37 38 39 40 41 42 43 44 45 46 47 48 49 50 51 52 53 54 55 56 57 58 59 60 61 62 63 
2	0	0	64 0.0 0.14373 0.62401 0.76996 1.21631 1.38451 1.79986 1.9845 2.39533 2.54093 2.92345 3.08931 3.48974 3.63964 4.04983 4.22358 4.69391 4.84426 5.31481 5.50732 5.97417 6.16147 6.57375 6.77202 7.18494 7.37864 7.7494 7.96373 8.35087 8.54309 8.97434 9.17555 9.66683 9.85332 10.28968 10.51216 10.93235 11.15464 11.53631 11.74761 12.09862 12.29515 12.68739 12.90529 13.30451 13.52429 13.98493 14.20234 14.6559 14.88402 15.32474 15.55103 15.95266 16.20597 16.5875 16.83488 17.21663 17.43289 17.86888 18.11028 18.55714 18.79352 19.26207 19.4853 
2	0	1	64 0 1 2 3 4 5 6 7 8 9 10 11 12 13 14 15 16 17 18 19 20 21 22 23 24 25 26 27 28 29 30 31 32 33 34 35 36 37 38 39 40 41 42 43 44 45 46 47 48 49 50 51 52 53 54 55 56 57 58 59 60 61 62 63 
2	0	1	64 19.86726 20.06422 20.49597 20.77036 21.17699 21.42221 21.8335 22.09764 22.45279 22.71493 23.08666 23.3545 23.74531 23.98289 24.40565 24.66863 25.08021 25.3276 25.73577 25.99319 26.38989 26.64224 27.0201 27.27311 27.60767 27.86005 28.23488 28.49063 28.89916 29.11899 29.55386 29.80274 30.19251 30.42973 30.82777 31.07682 31.41643 31.64576 31.99905 32.2394 32.57413 32.82162 33.20763 33.45408 33.85838 34.08201 34.49566 34.70899 35.08139 35.3102 35.69934 35.90597 36.22144 36.42634 36.76514 36.98371 37.3171 37.50678 37.89647 38.13212 38.5193 38.73217 39.10485 39.26917 
2	1	0	64 0 1 2 3 4 5 6 7 8 9 10 11 12 13 14 15 16 17 18 19 20 21 22 23 24 25 26 27 28 29 30 31 32 33 34 35 36 37 38 39 40 41 42 43 44 45 46 47 48 49 50 51 52 53 54 55 56 57 58 59 60 61 62 63 
2	1	0	64 0.0 0.14677 0.64775 0.77873 1.24837 1.37948 1.86613 2.03053 2.47996 2.57129 3.0018 3.14114 3.58599 3.70821 4.18465 4.30636 4.82077 4.9218 5.41886 5.57292 6.06464 6.21923 6.69286 6.83852 7.29119 7.41785 7.89037 8.0426 8.50099 8.60426 9.12233 9.25922 9.80086 9.90997 10.41154 10.56289 11.04225 11.19319 11.64589 11.78526 12.23564 12.35211 12.84095 12.97014 13.45489 13.59339 14.10473 14.2871 14.79902 14.943 15.47535 15.62577 16.04397 16.27011 16.72994 16.94874 17.53083 17.60223 18.16217 18.30014 18.80231 18.98702 19.53275 19.64625 
2	1	1	64 0 1 2 3 4 5 6 7 8 9 10 11 12 13 14 15 16 17 18 19 20 21 22 23 24 25 26 27 28 29 30 31 32 33 34 35 36 37 38 39 40 41 42 43 44 45 46 47 48 49 50 51 52 53 54 55 56 57 58 59 60 61 62 63 
2	1	1	64 20.16761 20.19239 20.72542 20.88145 21.41724 21.54813 22.10867 22.24028 22.73407 22.84719 23.37487 23.50402 24.0391 24.14425 24.70608 24.84133 25.35284 25.47527 26.03321 26.16425 26.69077 26.81725 27.35511 27.44488 27.95786 28.0412 28.55696 28.68601 29.21697 29.32393 29.88768 29.99406 30.51725 30.60883 31.12467 31.25561 31.74348 31.83361 32.34407 32.41977 32.94869 33.01927 33.59386 33.66928 34.20957 34.29146 34.83408 34.90869 35.4469 35.53478 36.08327 36.14307 36.5566 36.63328 37.09605 37.17625 37.60829 37.70499 38.18587 38.31812 38.80872 38.91964 39.37269 39.44066 
2	2	0	32 1 3 5 7 9 11 13 15 17 19 21 23 25 27 29 31 33 35 37 39 41 43 45 47 49 51 53 55 57 59 61 63 
2	2	0	32 0.08583 0.70335 1.28689 1.8905 2.44542 3.03893 3.63519 4.24854 4.87095 5.52058 6.12225 6.72764 7.33547 7.98223 8.57087 9.23082 9.85039 10.50093 11.14143 11.76854 12.31816 12.95943 13.5391 14.19096 14.9067 15.59338 16.25138 16.92201 17.58516 18.26226 18.94929 19.58042 
2	2	1	32 1 3 5 7 9 11 13 15 17 19 21 23 25 27 29 31 33 35 37 39 41 43 45 47 49 51 53 55 57 59 61 63 
2	2	1	32 20.12037 20.86637 21.54096 22.21479 22.79488 23.45795 24.06979 24.76384 25.43727 26.14483 26.78767 27.39164 27.98172 28.63805 29.26921 29.93653 30.55877 31.20142 31.80348 32.4175 33.02452 33.67715 34.26457 34.87334 35.49792 36.13037 36.63361 37.17128 37.72243 38.32023 38.92355 39.35395 
2	3	0	32 1 3 5 7 9 11 13 15 17 19 21 23 25 27 29 31 33 35 37 39 41 43 45 47 49 51 53 55 57 59 61 63 
2	3	0	32 -0.00596 0.60408 1.19542 1.78619 2.36141 2.96964 3.54989 4.16179 4.78886 5.4469 6.05729 6.64824 7.24755 7.91802 8.51623 9.15435 9.81535 10.47537 11.14109 11.71325 12.31369 12.91129 13.45568 14.10755 14.87779 15.58714 16.24196 16.88076 17.55821 18.22008 18.92089 19.53653 
2	3	1	32 1 3 5 7 9 11 13 15 17 19 21 23 25 27 29 31 33 35 37 39 41 43 45 47 49 51 53 55 57 59 61 63 
2	3	1	32 20.05903 20.82767 21.53035 22.17803 22.77561 23.38266 24.00699 24.69389 25.43061 26.14162 26.79505 27.33385 27.94733 28.57766 29.24905 29.88739 30.59339 31.20678 31.82988 32.38485 33.06091 33.67046 34.30281 34.81332 35.5705 36.17714 36.65428 37.136 37.73557 38.314 38.92433 39.29148 
2	4	0	64 0 1 2 3 4 5 6 7 8 9 10 11 12 13 14 15 16 17 18 19 20 21 22 23 24 25 26 27 28 29 30 31 32 33 34 35 36 37 38 39 40 41 42 43 44 45 46 47 48 49 50 51 52 53 54 55 56 57 58 59 60 61 62 63
2	4	0	64 0 0.3125 0.625 0.9375 1.25 1.5625 1.875 2.1875 2.5 2.8125 3.125 3.4375 3.75 4.0625 4.375 4.6875 5 5.3125 5.625 5.9375 6.25 6.5625 6.875 7.1875 7.5 7.8125 8.125 8.4375 8.75 9.0625 9.375 9.6875 10 10.3125 10.625 10.9375 11.25 11.5625 11.875 12.1875 12.5 12.8125 13.125 13.4375 13.75 14.0625 14.375 14.6875 15 15.3125 15.625 15.9375 16.25 16.5625 16.875 17.1875 17.5 17.8125 18.125 18.4375 18.75 19.0625 19.375 19.6875
2	4	1	64 0 1 2 3 4 5 6 7 8 9 10 11 12 13 14 15 16 17 18 19 20 21 22 23 24 25 26 27 28 29 30 31 32 33 34 35 36 37 38 39 40 41 42 43 44 45 46 47 48 49 50 51 52 53 54 55 56 57 58 59 60 61 62 63
2	4	1	64 20 20.3125 20.625 20.9375 21.25 21.5625 21.875 22.1875 22.5 22.8125 23.125 23.4375 23.75 24.0625 24.375 24.6875 25 25.3125 25.625 25.9375 26.25 26.5625 26.875 27.1875 27.5 27.8125 28.125 28.4375 28.75 29.0625 29.375 29.6875 30 30.3125 30.625 30.9375 31.25 31.5625 31.875 32.1875 32.5 32.8125 33.125 33.4375 33.75 34.0625 34.375 34.6875 35 35.3125 35.625 35.9375 36.25 36.5625 36.875 37.1875 37.5 37.8125 38.125 38.4375 38.75 39.0625 39.375 39.6875
2	5	0	64 0 1 2 3 4 5 6 7 8 9 10 11 12 13 14 15 16 17 18 19 20 21 22 23 24 25 26 27 28 29 30 31 32 33 34 35 36 37 38 39 40 41 42 43 44 45 46 47 48 49 50 51 52 53 54 55 56 57 58 59 60 61 62 63
2	5	0	64 0 0.3125 0.625 0.9375 1.25 1.5625 1.875 2.1875 2.5 2.8125 3.125 3.4375 3.75 4.0625 4.375 4.6875 5 5.3125 5.625 5.9375 6.25 6.5625 6.875 7.1875 7.5 7.8125 8.125 8.4375 8.75 9.0625 9.375 9.6875 10 10.3125 10.625 10.9375 11.25 11.5625 11.875 12.1875 12.5 12.8125 13.125 13.4375 13.75 14.0625 14.375 14.6875 15 15.3125 15.625 15.9375 16.25 16.5625 16.875 17.1875 17.5 17.8125 18.125 18.4375 18.75 19.0625 19.375 19.6875
2	5	1	64 0 1 2 3 4 5 6 7 8 9 10 11 12 13 14 15 16 17 18 19 20 21 22 23 24 25 26 27 28 29 30 31 32 33 34 35 36 37 38 39 40 41 42 43 44 45 46 47 48 49 50 51 52 53 54 55 56 57 58 59 60 61 62 63
2	5	1	64 20 20.3125 20.625 20.9375 21.25 21.5625 21.875 22.1875 22.5 22.8125 23.125 23.4375 23.75 24.0625 24.375 24.6875 25 25.3125 25.625 25.9375 26.25 26.5625 26.875 27.1875 27.5 27.8125 28.125 28.4375 28.75 29.0625 29.375 29.6875 30 30.3125 30.625 30.9375 31.25 31.5625 31.875 32.1875 32.5 32.8125 33.125 33.4375 33.75 34.0625 34.375 34.6875 35 35.3125 35.625 35.9375 36.25 36.5625 36.875 37.1875 37.5 37.8125 38.125 38.4375 38.75 39.0625 39.375 39.6875
2	6	0	64 0 1 2 3 4 5 6 7 8 9 10 11 12 13 14 15 16 17 18 19 20 21 22 23 24 25 26 27 28 29 30 31 32 33 34 35 36 37 38 39 40 41 42 43 44 45 46 47 48 49 50 51 52 53 54 55 56 57 58 59 60 61 62 63
2	6	0	64 0 0.3125 0.625 0.9375 1.25 1.5625 1.875 2.1875 2.5 2.8125 3.125 3.4375 3.75 4.0625 4.375 4.6875 5 5.3125 5.625 5.9375 6.25 6.5625 6.875 7.1875 7.5 7.8125 8.125 8.4375 8.75 9.0625 9.375 9.6875 10 10.3125 10.625 10.9375 11.25 11.5625 11.875 12.1875 12.5 12.8125 13.125 13.4375 13.75 14.0625 14.375 14.6875 15 15.3125 15.625 15.9375 16.25 16.5625 16.875 17.1875 17.5 17.8125 18.125 18.4375 18.75 19.0625 19.375 19.6875
2	6	1	64 0 1 2 3 4 5 6 7 8 9 10 11 12 13 14 15 16 17 18 19 20 21 22 23 24 25 26 27 28 29 30 31 32 33 34 35 36 37 38 39 40 41 42 43 44 45 46 47 48 49 50 51 52 53 54 55 56 57 58 59 60 61 62 63
2	6	1	64 20 20.3125 20.625 20.9375 21.25 21.5625 21.875 22.1875 22.5 22.8125 23.125 23.4375 23.75 24.0625 24.375 24.6875 25 25.3125 25.625 25.9375 26.25 26.5625 26.875 27.1875 27.5 27.8125 28.125 28.4375 28.75 29.0625 29.375 29.6875 30 30.3125 30.625 30.9375 31.25 31.5625 31.875 32.1875 32.5 32.8125 33.125 33.4375 33.75 34.0625 34.375 34.6875 35 35.3125 35.625 35.9375 36.25 36.5625 36.875 37.1875 37.5 37.8125 38.125 38.4375 38.75 39.0625 39.375 39.6875
2	7	0	64 0 1 2 3 4 5 6 7 8 9 10 11 12 13 14 15 16 17 18 19 20 21 22 23 24 25 26 27 28 29 30 31 32 33 34 35 36 37 38 39 40 41 42 43 44 45 46 47 48 49 50 51 52 53 54 55 56 57 58 59 60 61 62 63
2	7	0	64 0 0.3125 0.625 0.9375 1.25 1.5625 1.875 2.1875 2.5 2.8125 3.125 3.4375 3.75 4.0625 4.375 4.6875 5 5.3125 5.625 5.9375 6.25 6.5625 6.875 7.1875 7.5 7.8125 8.125 8.4375 8.75 9.0625 9.375 9.6875 10 10.3125 10.625 10.9375 11.25 11.5625 11.875 12.1875 12.5 12.8125 13.125 13.4375 13.75 14.0625 14.375 14.6875 15 15.3125 15.625 15.9375 16.25 16.5625 16.875 17.1875 17.5 17.8125 18.125 18.4375 18.75 19.0625 19.375 19.6875
2	7	1	64 0 1 2 3 4 5 6 7 8 9 10 11 12 13 14 15 16 17 18 19 20 21 22 23 24 25 26 27 28 29 30 31 32 33 34 35 36 37 38 39 40 41 42 43 44 45 46 47 48 49 50 51 52 53 54 55 56 57 58 59 60 61 62 63
2	7	1	64 20 20.3125 20.625 20.9375 21.25 21.5625 21.875 22.1875 22.5 22.8125 23.125 23.4375 23.75 24.0625 24.375 24.6875 25 25.3125 25.625 25.9375 26.25 26.5625 26.875 27.1875 27.5 27.8125 28.125 28.4375 28.75 29.0625 29.375 29.6875 30 30.3125 30.625 30.9375 31.25 31.5625 31.875 32.1875 32.5 32.8125 33.125 33.4375 33.75 34.0625 34.375 34.6875 35 35.3125 35.625 35.9375 36.25 36.5625 36.875 37.1875 37.5 37.8125 38.125 38.4375 38.75 39.0625 39.375 39.6875
3	0	0	64 0 1 2 3 4 5 6 7 8 9 10 11 12 13 14 15 16 17 18 19 20 21 22 23 24 25 26 27 28 29 30 31 32 33 34 35 36 37 38 39 40 41 42 43 44 45 46 47 48 49 50 51 52 53 54 55 56 57 58 59 60 61 62 63
3	0	0	64 0.00 0.00 0.00 0.00 0.00 0.00 0.00 0.00 0.00 0.00 0.00 0.00 0.00 0.00 0.00 0.00 0.00 0.00 0.00 0.00 0.00 0.00 0.00 0.00 0.00 0.00 0.00 0.00 0.00 0.00 0.00 0.00 0.00 0.00 0.00 0.00 0.00 0.00 0.00 0.00 0.00 0.00 0.00 0.00 0.00 0.00 0.00 0.00 0.00 0.00 0.00 0.00 0.00 0.00 0.00 0.00 0.00 0.00 0.00 0.00 0.00 0.00 0.00 0.00
3	0	1	64 0 1 2 3 4 5 6 7 8 9 10 11 12 13 14 15 16 17 18 19 20 21 22 23 24 25 26 27 28 29 30 31 32 33 34 35 36 37 38 39 40 41 42 43 44 45 46 47 48 49 50 51 52 53 54 55 56 57 58 59 60 61 62 63
3	0	1	64 0.00 0.00 0.00 0.00 0.00 0.00 0.00 0.00 0.00 0.00 0.00 0.00 0.00 0.00 0.00 0.00 0.00 0.00 0.00 0.00 0.00 0.00 0.00 0.00 0.00 0.00 0.00 0.00 0.00 0.00 0.00 0.00 0.00 0.00 0.00 0.00 0.00 0.00 0.00 0.00 0.00 0.00 0.00 0.00 0.00 0.00 0.00 0.00 0.00 0.00 0.00 0.00 0.00 0.00 0.00 0.00 0.00 0.00 0.00 0.00 0.00 0.00 0.00 0.00
3	1	0	64 0 1 2 3 4 5 6 7 8 9 10 11 12 13 14 15 16 17 18 19 20 21 22 23 24 25 26 27 28 29 30 31 32 33 34 35 36 37 38 39 40 41 42 43 44 45 46 47 48 49 50 51 52 53 54 55 56 57 58 59 60 61 62 63
3	1	0	64 0.00 0.00 0.00 0.00 0.00 0.00 0.00 0.00 0.00 0.00 0.00 0.00 0.00 0.00 0.00 0.00 0.00 0.00 0.00 0.00 0.00 0.00 0.00 0.00 0.00 0.00 0.00 0.00 0.00 0.00 0.00 0.00 0.00 0.00 0.00 0.00 0.00 0.00 0.00 0.00 0.00 0.00 0.00 0.00 0.00 0.00 0.00 0.00 0.00 0.00 0.00 0.00 0.00 0.00 0.00 0.00 0.00 0.00 0.00 0.00 0.00 0.00 0.00 0.00
3	1	1	64 0 1 2 3 4 5 6 7 8 9 10 11 12 13 14 15 16 17 18 19 20 21 22 23 24 25 26 27 28 29 30 31 32 33 34 35 36 37 38 39 40 41 42 43 44 45 46 47 48 49 50 51 52 53 54 55 56 57 58 59 60 61 62 63
3	1	1	64 0.00 0.00 0.00 0.00 0.00 0.00 0.00 0.00 0.00 0.00 0.00 0.00 0.00 0.00 0.00 0.00 0.00 0.00 0.00 0.00 0.00 0.00 0.00 0.00 0.00 0.00 0.00 0.00 0.00 0.00 0.00 0.00 0.00 0.00 0.00 0.00 0.00 0.00 0.00 0.00 0.00 0.00 0.00 0.00 0.00 0.00 0.00 0.00 0.00 0.00 0.00 0.00 0.00 0.00 0.00 0.00 0.00 0.00 0.00 0.00 0.00 0.00 0.00 0.00
3	2	0	64 0 1 2 3 4 5 6 7 8 9 10 11 12 13 14 15 16 17 18 19 20 21 22 23 24 25 26 27 28 29 30 31 32 33 34 35 36 37 38 39 40 41 42 43 44 45 46 47 48 49 50 51 52 53 54 55 56 57 58 59 60 61 62 63
3	2	0	64 0.00 0.00 0.00 0.00 0.00 0.00 0.00 0.00 0.00 0.00 0.00 0.00 0.00 0.00 0.00 0.00 0.00 0.00 0.00 0.00 0.00 0.00 0.00 0.00 0.00 0.00 0.00 0.00 0.00 0.00 0.00 0.00 0.00 0.00 0.00 0.00 0.00 0.00 0.00 0.00 0.00 0.00 0.00 0.00 0.00 0.00 0.00 0.00 0.00 0.00 0.00 0.00 0.00 0.00 0.00 0.00 0.00 0.00 0.00 0.00 0.00 0.00 0.00 0.00
3	2	1	64 0 1 2 3 4 5 6 7 8 9 10 11 12 13 14 15 16 17 18 19 20 21 22 23 24 25 26 27 28 29 30 31 32 33 34 35 36 37 38 39 40 41 42 43 44 45 46 47 48 49 50 51 52 53 54 55 56 57 58 59 60 61 62 63
3	2	1	64 0.00 0.00 0.00 0.00 0.00 0.00 0.00 0.00 0.00 0.00 0.00 0.00 0.00 0.00 0.00 0.00 0.00 0.00 0.00 0.00 0.00 0.00 0.00 0.00 0.00 0.00 0.00 0.00 0.00 0.00 0.00 0.00 0.00 0.00 0.00 0.00 0.00 0.00 0.00 0.00 0.00 0.00 0.00 0.00 0.00 0.00 0.00 0.00 0.00 0.00 0.00 0.00 0.00 0.00 0.00 0.00 0.00 0.00 0.00 0.00 0.00 0.00 0.00 0.00
3	3	0	64 0 1 2 3 4 5 6 7 8 9 10 11 12 13 14 15 16 17 18 19 20 21 22 23 24 25 26 27 28 29 30 31 32 33 34 35 36 37 38 39 40 41 42 43 44 45 46 47 48 49 50 51 52 53 54 55 56 57 58 59 60 61 62 63
3	3	0	64 0.00 0.00 0.00 0.00 0.00 0.00 0.00 0.00 0.00 0.00 0.00 0.00 0.00 0.00 0.00 0.00 0.00 0.00 0.00 0.00 0.00 0.00 0.00 0.00 0.00 0.00 0.00 0.00 0.00 0.00 0.00 0.00 0.00 0.00 0.00 0.00 0.00 0.00 0.00 0.00 0.00 0.00 0.00 0.00 0.00 0.00 0.00 0.00 0.00 0.00 0.00 0.00 0.00 0.00 0.00 0.00 0.00 0.00 0.00 0.00 0.00 0.00 0.00 0.00
3	3	1	64 0 1 2 3 4 5 6 7 8 9 10 11 12 13 14 15 16 17 18 19 20 21 22 23 24 25 26 27 28 29 30 31 32 33 34 35 36 37 38 39 40 41 42 43 44 45 46 47 48 49 50 51 52 53 54 55 56 57 58 59 60 61 62 63
3	3	1	64 0.00 0.00 0.00 0.00 0.00 0.00 0.00 0.00 0.00 0.00 0.00 0.00 0.00 0.00 0.00 0.00 0.00 0.00 0.00 0.00 0.00 0.00 0.00 0.00 0.00 0.00 0.00 0.00 0.00 0.00 0.00 0.00 0.00 0.00 0.00 0.00 0.00 0.00 0.00 0.00 0.00 0.00 0.00 0.00 0.00 0.00 0.00 0.00 0.00 0.00 0.00 0.00 0.00 0.00 0.00 0.00 0.00 0.00 0.00 0.00 0.00 0.00 0.00 0.00
3	4	0	64 0 1 2 3 4 5 6 7 8 9 10 11 12 13 14 15 16 17 18 19 20 21 22 23 24 25 26 27 28 29 30 31 32 33 34 35 36 37 38 39 40 41 42 43 44 45 46 47 48 49 50 51 52 53 54 55 56 57 58 59 60 61 62 63
3	4	0	64 0.00 0.00 0.00 0.00 0.00 0.00 0.00 0.00 0.00 0.00 0.00 0.00 0.00 0.00 0.00 0.00 0.00 0.00 0.00 0.00 0.00 0.00 0.00 0.00 0.00 0.00 0.00 0.00 0.00 0.00 0.00 0.00 0.00 0.00 0.00 0.00 0.00 0.00 0.00 0.00 0.00 0.00 0.00 0.00 0.00 0.00 0.00 0.00 0.00 0.00 0.00 0.00 0.00 0.00 0.00 0.00 0.00 0.00 0.00 0.00 0.00 0.00 0.00 0.00
3	4	1	64 0 1 2 3 4 5 6 7 8 9 10 11 12 13 14 15 16 17 18 19 20 21 22 23 24 25 26 27 28 29 30 31 32 33 34 35 36 37 38 39 40 41 42 43 44 45 46 47 48 49 50 51 52 53 54 55 56 57 58 59 60 61 62 63
3	4	1	64 0.00 0.00 0.00 0.00 0.00 0.00 0.00 0.00 0.00 0.00 0.00 0.00 0.00 0.00 0.00 0.00 0.00 0.00 0.00 0.00 0.00 0.00 0.00 0.00 0.00 0.00 0.00 0.00 0.00 0.00 0.00 0.00 0.00 0.00 0.00 0.00 0.00 0.00 0.00 0.00 0.00 0.00 0.00 0.00 0.00 0.00 0.00 0.00 0.00 0.00 0.00 0.00 0.00 0.00 0.00 0.00 0.00 0.00 0.00 0.00 0.00 0.00 0.00 0.00
3	5	0	64 0 1 2 3 4 5 6 7 8 9 10 11 12 13 14 15 16 17 18 19 20 21 22 23 24 25 26 27 28 29 30 31 32 33 34 35 36 37 38 39 40 41 42 43 44 45 46 47 48 49 50 51 52 53 54 55 56 57 58 59 60 61 62 63
3	5	0	64 0.00 0.00 0.00 0.00 0.00 0.00 0.00 0.00 0.00 0.00 0.00 0.00 0.00 0.00 0.00 0.00 0.00 0.00 0.00 0.00 0.00 0.00 0.00 0.00 0.00 0.00 0.00 0.00 0.00 0.00 0.00 0.00 0.00 0.00 0.00 0.00 0.00 0.00 0.00 0.00 0.00 0.00 0.00 0.00 0.00 0.00 0.00 0.00 0.00 0.00 0.00 0.00 0.00 0.00 0.00 0.00 0.00 0.00 0.00 0.00 0.00 0.00 0.00 0.00
3	5	1	64 0 1 2 3 4 5 6 7 8 9 10 11 12 13 14 15 16 17 18 19 20 21 22 23 24 25 26 27 28 29 30 31 32 33 34 35 36 37 38 39 40 41 42 43 44 45 46 47 48 49 50 51 52 53 54 55 56 57 58 59 60 61 62 63
3	5	1	64 0.00 0.00 0.00 0.00 0.00 0.00 0.00 0.00 0.00 0.00 0.00 0.00 0.00 0.00 0.00 0.00 0.00 0.00 0.00 0.00 0.00 0.00 0.00 0.00 0.00 0.00 0.00 0.00 0.00 0.00 0.00 0.00 0.00 0.00 0.00 0.00 0.00 0.00 0.00 0.00 0.00 0.00 0.00 0.00 0.00 0.00 0.00 0.00 0.00 0.00 0.00 0.00 0.00 0.00 0.00 0.00 0.00 0.00 0.00 0.00 0.00 0.00 0.00 0.00
3	6	0	64 0 1 2 3 4 5 6 7 8 9 10 11 12 13 14 15 16 17 18 19 20 21 22 23 24 25 26 27 28 29 30 31 32 33 34 35 36 37 38 39 40 41 42 43 44 45 46 47 48 49 50 51 52 53 54 55 56 57 58 59 60 61 62 63
3	6	0	64 0.00 0.00 0.00 0.00 0.00 0.00 0.00 0.00 0.00 0.00 0.00 0.00 0.00 0.00 0.00 0.00 0.00 0.00 0.00 0.00 0.00 0.00 0.00 0.00 0.00 0.00 0.00 0.00 0.00 0.00 0.00 0.00 0.00 0.00 0.00 0.00 0.00 0.00 0.00 0.00 0.00 0.00 0.00 0.00 0.00 0.00 0.00 0.00 0.00 0.00 0.00 0.00 0.00 0.00 0.00 0.00 0.00 0.00 0.00 0.00 0.00 0.00 0.00 0.00
3	6	1	64 0 1 2 3 4 5 6 7 8 9 10 11 12 13 14 15 16 17 18 19 20 21 22 23 24 25 26 27 28 29 30 31 32 33 34 35 36 37 38 39 40 41 42 43 44 45 46 47 48 49 50 51 52 53 54 55 56 57 58 59 60 61 62 63
3	6	1	64 0.00 0.00 0.00 0.00 0.00 0.00 0.00 0.00 0.00 0.00 0.00 0.00 0.00 0.00 0.00 0.00 0.00 0.00 0.00 0.00 0.00 0.00 0.00 0.00 0.00 0.00 0.00 0.00 0.00 0.00 0.00 0.00 0.00 0.00 0.00 0.00 0.00 0.00 0.00 0.00 0.00 0.00 0.00 0.00 0.00 0.00 0.00 0.00 0.00 0.00 0.00 0.00 0.00 0.00 0.00 0.00 0.00 0.00 0.00 0.00 0.00 0.00 0.00 0.00
3	7	0	64 0 1 2 3 4 5 6 7 8 9 10 11 12 13 14 15 16 17 18 19 20 21 22 23 24 25 26 27 28 29 30 31 32 33 34 35 36 37 38 39 40 41 42 43 44 45 46 47 48 49 50 51 52 53 54 55 56 57 58 59 60 61 62 63
3	7	0	64 0.00 0.00 0.00 0.00 0.00 0.00 0.00 0.00 0.00 0.00 0.00 0.00 0.00 0.00 0.00 0.00 0.00 0.00 0.00 0.00 0.00 0.00 0.00 0.00 0.00 0.00 0.00 0.00 0.00 0.00 0.00 0.00 0.00 0.00 0.00 0.00 0.00 0.00 0.00 0.00 0.00 0.00 0.00 0.00 0.00 0.00 0.00 0.00 0.00 0.00 0.00 0.00 0.00 0.00 0.00 0.00 0.00 0.00 0.00 0.00 0.00 0.00 0.00 0.00
3	7	1	64 0 1 2 3 4 5 6 7 8 9 10 11 12 13 14 15 16 17 18 19 20 21 22 23 24 25 26 27 28 29 30 31 32 33 34 35 36 37 38 39 40 41 42 43 44 45 46 47 48 49 50 51 52 53 54 55 56 57 58 59 60 61 62 63
3	7	1	64 0.00 0.00 0.00 0.00 0.00 0.00 0.00 0.00 0.00 0.00 0.00 0.00 0.00 0.00 0.00 0.00 0.00 0.00 0.00 0.00 0.00 0.00 0.00 0.00 0.00 0.00 0.00 0.00 0.00 0.00 0.00 0.00 0.00 0.00 0.00 0.00 0.00 0.00 0.00 0.00 0.00 0.00 0.00 0.00 0.00 0.00 0.00 0.00 0.00 0.00 0.00 0.00 0.00 0.00 0.00 0.00 0.00 0.00 0.00 0.00 0.00 0.00 0.00 0.00
