0	0	0	64	0 1 2 3 4 5 6 7 8 9 10 11 12 13 14 15 16 17 18 19 20 21 22 23 24 25 26 27 28 29 30 31 32 33 34 35 36 37 38 39 40 41 42 43 44 45 46 47 48 49 50 51 52 53 54 55 56 57 58 59 60 61 62 63 
0	0	0	64	0 0.13325 0.568195 0.706019 1.13372 1.29174 1.70611 1.89119 2.34061 2.47539 2.91072 3.06378 3.49149 3.66246 4.11227 4.3023 4.75364 4.94557 5.36527 5.54883 5.9731 6.12884 6.56302 6.7923 7.21963 7.3887 7.80497 7.97862 8.42309 8.63598 9.08655 9.32117 9.75688 9.91833 10.3529 10.5593 10.9859 11.1713 11.5948 11.8036 12.2179 12.3942 12.8158 13.0436 13.4965 13.7334 14.1618 14.401 14.8161 15.0233 15.4457 15.6693 16.1198 16.3449 16.8016 17.0271 17.4689 17.7058 18.1651 18.4173 18.8781 19.107 19.5256 19.7046 
0	0	1	64	0 1 2 3 4 5 6 7 8 9 10 11 12 13 14 15 16 17 18 19 20 21 22 23 24 25 26 27 28 29 30 31 32 33 34 35 36 37 38 39 40 41 42 43 44 45 46 47 48 49 50 51 52 53 54 55 56 57 58 59 60 61 62 63 
0	0	1	64	0 0.227378 0.617736 0.881698 1.31664 1.56346 2.00526 2.26503 2.68321 2.91745 3.35163 3.61597 4.03148 4.27029 4.69304 4.94138 5.34736 5.57588 6.00626 6.24087 6.64571 6.90587 7.31604 7.58191 8.01419 8.23547 8.65479 8.88445 9.31292 9.52505 9.93751 10.195 10.5686 10.7643 11.1734 11.3931 11.801 12.0181 12.4328 12.6717 13.0765 13.2902 13.732 13.9534 14.3604 14.5569 14.9907 15.1857 15.5852 15.7577 16.1698 16.3346 16.725 16.9078 17.3328 17.5133 17.8862 18.0575 18.5066 18.684 19.074 19.2854 19.6913 19.8574 
0	1	0	64	0 1 2 3 4 5 6 7 8 9 10 11 12 13 14 15 16 17 18 19 20 21 22 23 24 25 26 27 28 29 30 31 32 33 34 35 36 37 38 39 40 41 42 43 44 45 46 47 48 49 50 51 52 53 54 55 56 57 58 59 60 61 62 63 
0	1	0	64	0 0.0980651 0.578866 0.67655 1.1623 1.24246 1.7305 1.84762 2.34747 2.43449 2.91643 3.0225 3.51969 3.63757 4.11265 4.26826 4.7906 4.90429 5.39233 5.53003 6.00168 6.08908 6.59846 6.77427 7.25507 7.36571 7.85908 7.96515 8.449 8.6229 9.11933 9.30657 9.79423 9.90334 10.4059 10.5394 11.0507 11.1594 11.652 11.7928 12.272 12.3709 12.8627 13.0313 13.5353 13.7096 14.2079 14.3986 14.8752 15.0041 15.5074 15.6661 16.1709 16.3501 16.8675 17.0288 17.5664 17.7064 18.2573 18.4312 18.9479 19.1183 19.6075 19.7124 
0	1	1	64	0 1 2 3 4 5 6 7 8 9 10 11 12 13 14 15 16 17 18 19 20 21 22 23 24 25 26 27 28 29 30 31 32 33 34 35 36 37 38 39 40 41 42 43 44 45 46 47 49 48 51 50 52 53 54 55 56 57 58 59 60 61 62 63 
0	1	1	64	0 0.0851085 0.596015 0.735618 1.2793 1.42119 1.99383 2.14525 2.68359 2.77403 3.30933 3.47332 3.98804 4.1486 4.70752 4.8155 5.34851 5.45267 5.97653 6.11842 6.64076 6.7735 7.36863 7.4606 8.06373 8.12635 8.66851 8.77076 9.3415 9.41022 9.98096 10.0813 10.6536 10.68 11.2162 11.2977 11.8254 11.9177 12.5068 12.5679 13.15 13.1852 13.8269 13.8582 14.488 14.4943 15.089 15.1021 15.7313 15.7608 16.2953 16.2997 16.8046 16.8425 17.3728 17.4381 17.9399 18.001 18.5557 18.5989 19.1342 19.2041 19.6946 19.7322 
0	2	0	64	1 0 3 2 5 4 7 6 9 8 11 10 13 12 15 14 17 16 19 18 21 20 22 23 25 24 27 26 29 28 30 31 33 32 35 34 37 36 39 38 41 40 43 42 45 44 47 46 49 48 51 50 53 52 55 54 57 56 59 58 61 60 63 62 
0	2	0	64	0 0.0445975 0.604779 0.716448 1.15735 1.30446 1.80138 1.82654 2.35853 2.46905 2.96559 3.03305 3.56351 3.63898 4.21593 4.27119 4.86948 4.97963 5.49256 5.55049 6.06761 6.16099 6.74366 6.74632 7.33967 7.45477 7.93949 8.05611 8.55799 8.6346 9.27139 9.29996 9.91655 10.0419 10.5217 10.5926 11.1696 11.269 11.7892 11.838 12.3803 12.5281 13.0308 13.0837 13.7137 13.7708 14.4 14.4107 15.0254 15.1366 15.6644 15.6953 16.3553 16.3938 17.0478 17.0684 17.7817 17.8991 18.4879 18.5302 19.1788 19.2131 19.7733 19.8762 
0	2	1	64	1 0 3 2 5 4 7 6 9 8 11 10 13 12 15 14 17 16 19 18 21 20 23 22 25 24 27 26 29 28 31 30 33 32 35 34 37 36 39 38 41 40 43 42 45 44 47 46 49 48 51 50 53 52 55 54 57 56 59 58 61 60 63 62 
0	2	1	64	-0.276677 0 0.350586 0.446249 1.05026 1.16345 1.77012 1.86045 2.41301 2.68664 3.1123 3.187 3.79253 3.98232 4.42399 4.56614 5.12213 5.35918 5.77683 5.95672 6.44144 6.6541 7.11367 7.32099 7.81258 8.13346 8.43337 8.63268 9.07587 9.3697 9.72829 9.92875 10.4066 10.7759 10.9836 11.2519 11.6173 11.8578 12.2553 12.4995 12.8779 13.2023 13.5448 13.7887 14.2121 14.5067 14.791 15.0905 15.4491 15.8698 15.9845 16.2986 16.5466 16.8191 17.1213 17.3488 17.7206 18.0195 18.3309 18.5611 18.9273 19.1437 19.4116 19.6102 
0	3	0	64	1 0 3 2 5 4 7 6 9 8 11 10 13 12 15 14 17 16 19 18 21 20 23 22 25 24 27 26 29 28 31 30 33 32 35 34 37 36 39 38 41 40 43 42 45 44 47 46 49 48 51 50 53 52 55 54 57 56 59 58 61 60 63 62 
0	3	0	64	0 0.202395 0.621166 0.892156 1.20518 1.54152 1.81396 2.0133 2.42445 2.75832 2.99265 3.23963 3.5959 3.88137 4.23803 4.46824 4.95904 5.32568 5.552 5.81614 6.1484 6.49789 6.77757 6.92433 7.43418 7.85607 8.04124 8.34234 8.67346 8.90329 9.33959 9.53056 10.037 10.4192 10.6219 10.8853 11.2542 11.6063 11.8753 12.0949 12.5094 12.9435 13.179 13.458 13.8025 14.0632 14.4716 14.6496 15.1675 15.5688 15.7837 16.0555 16.4754 16.7772 17.1518 17.3443 17.9479 18.3603 18.6529 18.8496 19.3709 19.6167 19.939 20.2645 
0	3	1	64	1 0 3 2 5 4 7 6 9 8 11 10 13 12 15 14 17 16 19 18 21 20 23 22 25 24 27 26 29 28 31 30 33 35 32 34 37 36 39 38 41 40 43 42 45 44 47 46 49 51 48 50 53 52 55 54 57 56 59 58 61 60 63 62 
0	3	1	64	-0.55604 0 0.11238 0.502649 0.778895 1.19393 1.49495 1.87226 2.18471 2.7358 2.80855 3.20415 3.51088 3.94726 4.15148 4.63207 4.88926 5.42777 5.50166 5.91213 6.23906 6.76233 6.83698 7.29394 7.56828 8.15633 8.18944 8.65898 8.85062 9.41086 9.45883 9.9116 10.2248 10.7136 10.7325 11.2526 11.3848 11.8833 11.9629 12.4778 12.6897 13.1946 13.3398 13.791 13.9926 14.395 14.512 14.9716 15.2704 15.7802 15.8203 16.2864 16.3454 16.8241 16.8728 17.2547 17.5325 18.0171 18.1414 18.5146 18.7287 19.0904 19.1418 19.5073 
0	4	0	64	1 0 3 2 5 4 7 6 9 8 11 10 13 12 15 14 17 16 19 18 21 20 23 22 25 24 27 26 29 28 31 30 33 32 35 34 37 36 39 38 41 40 43 42 45 44 47 46 49 48 51 50 53 52 55 54 57 56 59 58 61 60 63 62 
0	4	0	64	0 0.245105 0.576198 0.911239 1.20956 1.66007 1.76327 2.00914 2.38101 2.84257 2.97131 3.31931 3.66412 4.01516 4.21135 4.4999 4.9579 5.45642 5.53448 5.90496 6.1705 6.62863 6.74594 7.04821 7.48638 7.96357 8.02752 8.46393 8.67879 9.09043 9.3152 9.61709 9.99582 10.5332 10.6357 10.976 11.3433 11.6974 11.8311 12.1635 12.6276 13.0278 13.1664 13.4866 13.8173 14.1386 14.4309 14.724 15.2323 15.6458 15.765 16.0833 16.5219 16.8119 17.1183 17.4167 17.9982 18.3287 18.6243 18.9022 19.4292 19.6266 19.8868 20.2257 
0	4	1	64	1 3 0 2 5 4 7 6 9 8 11 10 13 12 15 14 17 16 19 18 21 20 23 22 25 24 27 26 29 31 28 30 33 32 35 34 37 36 39 38 41 40 43 42 45 47 44 46 49 51 48 50 53 52 55 54 57 56 59 58 61 60 63 62 
0	4	1	64	-0.580459 -0.00197388 0 0.448154 0.788393 1.31016 1.4107 1.90732 2.11075 2.75257 2.77422 3.27084 3.52686 4.02958 4.05885 4.56767 4.83283 5.39271 5.46124 5.97386 6.18072 6.70402 6.72453 7.28327 7.52862 8.06563 8.16922 8.69061 8.79991 9.35058 9.35179 9.86625 10.2042 10.7225 10.724 11.2157 11.418 11.8475 11.8753 12.394 12.7289 13.1771 13.2849 13.7354 13.9857 14.414 14.4198 14.9804 15.2696 15.7135 15.7304 16.1713 16.3454 16.7379 16.7939 17.2337 17.5119 17.9094 18.0713 18.4646 18.6997 18.9711 18.9947 19.3587 
0	5	0	64	1 0 3 2 5 7 4 6 9 8 11 10 13 12 15 14 17 16 19 18 21 20 23 22 25 27 24 26 29 28 31 30 33 32 35 34 37 36 39 38 41 40 43 42 45 44 47 46 49 48 51 50 53 52 55 54 57 56 59 58 61 60 63 62 
0	5	0	64	0 0.468287 0.572387 1.04334 1.15125 1.72783 1.74606 2.08713 2.39206 2.98153 2.99913 3.43312 3.69613 4.14117 4.14581 4.6038 4.99562 5.5306 5.54362 6.00048 6.1545 6.66928 6.72765 7.11133 7.47876 8.018 8.03775 8.5 8.70509 9.15966 9.2649 9.63411 10.0789 10.5864 10.5947 11.0144 11.2915 11.7621 11.8368 12.2049 12.5872 13.0818 13.1615 13.5501 13.8249 14.2479 14.3882 14.7864 15.2803 15.6994 15.8028 16.1384 16.5169 16.9025 17.1042 17.4898 17.9761 18.2782 18.6091 18.9207 19.4231 19.6646 19.8156 20.2069 
0	5	1	64	1 3 0 2 5 7 4 6 9 11 8 10 13 15 12 14 17 19 16 18 21 23 20 22 25 24 27 26 29 31 28 30 33 35 32 34 37 39 36 38 41 40 43 42 45 47 44 46 49 51 48 50 53 52 55 54 57 56 59 58 61 63 60 62 
0	5	1	64	-0.641108 -0.0538581 0 0.482261 0.682014 1.2967 1.31379 1.87093 2.06535 2.70671 2.71046 3.23521 3.47993 3.95895 4.01719 4.54747 4.78171 5.38687 5.38985 5.9348 6.16009 6.62768 6.65162 7.23087 7.49883 8.05896 8.07922 8.63668 8.75146 9.26821 9.29672 9.83748 10.1474 10.6165 10.6709 11.1595 11.339 11.7708 11.7932 12.3256 12.6271 13.1278 13.188 13.686 13.909 14.2993 14.3556 14.8975 15.1887 15.6514 15.6684 16.12 16.2314 16.6871 16.7211 17.1474 17.4459 17.8395 17.9722 18.373 18.6147 18.8761 18.9267 19.3634 
0	6	0	64	1 0 3 2 5 7 4 6 9 8 11 10 13 12 15 14 17 16 19 18 21 20 23 22 25 27 24 26 29 28 31 30 33 32 35 34 37 36 39 38 41 40 43 42 45 44 47 46 49 48 51 50 53 52 55 54 57 56 59 58 61 60 63 62 
0	6	0	64	0 0.468287 0.572387 1.04334 1.15125 1.72783 1.74606 2.08713 2.39206 2.98153 2.99913 3.43312 3.69613 4.14117 4.14581 4.6038 4.99562 5.5306 5.54362 6.00048 6.1545 6.66928 6.72765 7.11133 7.47876 8.018 8.03775 8.5 8.70509 9.15966 9.2649 9.63411 10.0789 10.5864 10.5947 11.0144 11.2915 11.7621 11.8368 12.2049 12.5872 13.0818 13.1615 13.5501 13.8249 14.2479 14.3882 14.7864 15.2803 15.6994 15.8028 16.1384 16.5169 16.9025 17.1042 17.4898 17.9761 18.2782 18.6091 18.9207 19.4231 19.6646 19.8156 20.2069 
0	6	1	64	1 3 0 2 5 7 4 6 9 11 8 10 13 15 12 14 17 19 16 18 21 23 20 22 25 24 27 26 29 31 28 30 33 35 32 34 37 39 36 38 41 40 43 42 45 47 44 46 49 51 48 50 53 52 55 54 57 56 59 58 61 63 60 62 
0	6	1	64	-0.641108 -0.0538581 0 0.482261 0.682014 1.2967 1.31379 1.87093 2.06535 2.70671 2.71046 3.23521 3.47993 3.95895 4.01719 4.54747 4.78171 5.38687 5.38985 5.9348 6.16009 6.62768 6.65162 7.23087 7.49883 8.05896 8.07922 8.63668 8.75146 9.26821 9.29672 9.83748 10.1474 10.6165 10.6709 11.1595 11.339 11.7708 11.7932 12.3256 12.6271 13.1278 13.188 13.686 13.909 14.2993 14.3556 14.8975 15.1887 15.6514 15.6684 16.12 16.2314 16.6871 16.7211 17.1474 17.4459 17.8395 17.9722 18.373 18.6147 18.8761 18.9267 19.3634 
0	7	0	64	1 0 3 2 5 7 4 6 9 8 11 10 13 12 15 14 17 16 19 18 21 20 23 22 25 27 24 26 29 28 31 30 33 32 35 34 37 36 39 38 41 40 43 42 45 44 47 46 49 48 51 50 53 52 55 54 57 56 59 58 61 60 63 62 
0	7	0	64	0 0.468287 0.572387 1.04334 1.15125 1.72783 1.74606 2.08713 2.39206 2.98153 2.99913 3.43312 3.69613 4.14117 4.14581 4.6038 4.99562 5.5306 5.54362 6.00048 6.1545 6.66928 6.72765 7.11133 7.47876 8.018 8.03775 8.5 8.70509 9.15966 9.2649 9.63411 10.0789 10.5864 10.5947 11.0144 11.2915 11.7621 11.8368 12.2049 12.5872 13.0818 13.1615 13.5501 13.8249 14.2479 14.3882 14.7864 15.2803 15.6994 15.8028 16.1384 16.5169 16.9025 17.1042 17.4898 17.9761 18.2782 18.6091 18.9207 19.4231 19.6646 19.8156 20.2069 
0	7	1	64	1 3 0 2 5 7 4 6 9 11 8 10 13 15 12 14 17 19 16 18 21 23 20 22 25 24 27 26 29 31 28 30 33 35 32 34 37 39 36 38 41 40 43 42 45 47 44 46 49 51 48 50 53 52 55 54 57 56 59 58 61 63 60 62 
0	7	1	64	-0.641108 -0.0538581 0 0.482261 0.682014 1.2967 1.31379 1.87093 2.06535 2.70671 2.71046 3.23521 3.47993 3.95895 4.01719 4.54747 4.78171 5.38687 5.38985 5.9348 6.16009 6.62768 6.65162 7.23087 7.49883 8.05896 8.07922 8.63668 8.75146 9.26821 9.29672 9.83748 10.1474 10.6165 10.6709 11.1595 11.339 11.7708 11.7932 12.3256 12.6271 13.1278 13.188 13.686 13.909 14.2993 14.3556 14.8975 15.1887 15.6514 15.6684 16.12 16.2314 16.6871 16.7211 17.1474 17.4459 17.8395 17.9722 18.373 18.6147 18.8761 18.9267 19.3634 
1	0	0	64	0 1 2 3 4 5 6 7 8 9 10 11 12 13 14 15 16 17 18 19 20 21 22 23 24 25 26 27 28 29 30 31 32 33 34 35 36 37 38 39 40 41 42 43 44 45 46 47 48 49 50 51 52 53 54 55 56 57 58 59 60 61 62 63 
1	0	0	64	0 0.164029 0.56629 0.737178 1.14782 1.29775 1.70725 1.88081 2.32004 2.50274 2.91224 3.10485 3.49987 3.68486 4.11723 4.32317 4.73839 4.96263 5.36604 5.55598 5.97501 6.16304 6.58207 6.80708 7.20515 7.41224 7.80611 8.03569 8.4692 8.68124 9.11895 9.36033 9.74507 9.94873 10.3418 10.5649 10.9699 11.1789 11.5918 11.8317 12.2065 12.4044 12.8395 13.0767 13.4862 13.7336 14.158 14.3823 14.783 14.9825 15.4133 15.6562 16.081 16.3273 16.7772 17.0274 17.4662 17.7106 18.1899 18.4305 18.8331 19.0802 19.4905 19.674 
1	0	1	64	0 1 2 3 4 5 6 7 8 9 10 11 12 13 14 15 16 17 18 19 20 21 22 23 24 25 26 27 28 29 30 31 32 33 34 35 36 37 38 39 40 41 42 43 44 45 46 47 48 49 50 51 52 53 54 55 56 57 58 59 60 61 62 63 
1	0	1	64	0 0.214332 0.606685 0.87132 1.29416 1.55651 1.99878 2.28285 2.68969 2.96118 3.38059 3.64103 4.02234 4.27249 4.69838 4.94396 5.35308 5.60781 5.99178 6.24383 6.65296 6.88329 7.30651 7.55857 7.96998 8.18774 8.60448 8.84702 9.2508 9.48304 9.90512 10.1381 10.5423 10.7261 11.1463 11.3648 11.764 11.9856 12.3955 12.6312 13.043 13.2481 13.6847 13.9021 14.3207 14.5221 14.9568 15.1433 15.5295 15.705 16.1164 16.3231 16.6903 16.9031 17.2818 17.5045 17.8873 18.0891 18.5016 18.7159 19.106 19.2906 19.6917 19.8413 
1	1	0	64	0 1 2 3 4 5 6 7 8 9 10 11 12 13 14 15 16 17 18 19 20 21 22 23 24 25 26 27 28 29 30 31 32 33 34 35 36 37 38 39 40 41 42 43 44 45 46 47 48 49 50 51 52 53 54 55 56 57 58 59 60 61 62 63 
1	1	0	64	0 0.0600098 0.576198 0.633921 1.15926 1.18421 1.7225 1.79737 2.36996 2.41206 2.95454 3.03437 3.53874 3.59151 4.12523 4.23745 4.78641 4.85861 5.40796 5.48588 6.01883 6.09866 6.62933 6.72135 7.25049 7.32613 7.87299 7.96825 8.51302 8.60962 9.16391 9.27537 9.83919 9.86338 10.4665 10.504 11.0396 11.1145 11.6665 11.7581 12.285 12.3446 12.9359 13.0039 13.5631 13.6601 14.2449 14.3308 14.8722 14.9249 15.5122 15.5998 16.148 16.2766 16.8427 16.9935 17.6381 17.687 18.3534 18.4298 18.9433 19.0471 19.633 19.6435 
1	1	1	64	1 0 2 3 4 5 6 7 8 9 10 11 12 13 14 15 17 16 19 18 21 20 23 22 25 24 27 26 28 29 31 30 33 32 35 34 37 36 38 39 41 40 43 42 45 44 47 46 49 48 51 50 53 52 54 55 57 56 59 58 61 60 63 62 
1	1	1	64	-0.0154448 0 0.526276 0.633921 1.25986 1.3435 2.00869 2.07213 2.68054 2.76265 3.37335 3.43031 4.05663 4.07168 4.71019 4.74734 5.40471 5.43501 6.04721 6.04856 6.71125 6.75547 7.39815 7.4014 8.00903 8.05687 8.67135 8.68489 9.28662 9.299 9.96856 9.97105 10.5676 10.652 11.2082 11.221 11.8164 11.8635 12.4603 12.4721 13.0995 13.1565 13.7527 13.7663 14.3983 14.432 14.976 15.0631 15.5865 15.7334 16.1726 16.2269 16.7671 16.7742 17.3218 17.333 17.9218 17.9239 18.5822 18.6154 19.1736 19.1883 19.6729 19.7283 
1	2	0	64	1 0 3 2 5 4 7 6 9 8 11 10 13 12 15 14 17 16 19 18 21 20 23 22 25 24 27 26 29 28 31 30 33 32 35 34 37 36 39 38 41 40 43 42 45 44 47 46 49 48 51 50 53 52 55 54 57 56 59 58 61 60 63 62 
1	2	0	64	0 0.103253 0.592585 0.750333 1.14096 1.34406 1.77089 1.90082 2.38406 2.5822 2.99493 3.13439 3.56732 3.73688 4.20716 4.30089 4.85119 5.04019 5.47655 5.64802 6.09734 6.23603 6.75051 6.84881 7.33052 7.50694 7.99094 8.15288 8.62239 8.76833 9.31482 9.45428 9.91465 10.1684 10.532 10.7412 11.1616 11.3132 11.7823 11.9126 12.3909 12.6192 13.0544 13.2331 13.7064 13.8768 14.3832 14.536 14.9972 15.2807 15.6389 15.7589 16.3306 16.4815 17.0127 17.1072 17.8137 18.0504 18.5508 18.7173 19.1784 19.3049 19.7447 19.955 
1	2	1	64	1 0 3 2 5 4 7 6 9 8 11 10 13 12 15 14 17 16 19 18 21 20 23 22 25 24 27 26 29 28 31 30 33 32 35 34 37 36 39 38 41 40 43 42 45 44 47 46 49 48 51 50 53 52 55 54 57 56 59 58 61 60 63 62 
1	2	1	64	-0.486624 0 0.135686 0.314775 0.880704 1.17983 1.57694 1.82768 2.27471 2.60852 2.94275 3.22016 3.60621 3.98994 4.27806 4.63016 4.92933 5.43387 5.58899 5.9087 6.26579 6.70745 6.9365 7.29927 7.54433 8.07973 8.18226 8.61515 8.83239 9.20393 9.48709 9.84262 10.1243 10.6688 10.7946 11.2039 11.354 11.8597 11.9889 12.3757 12.6615 13.15 13.2739 13.6866 13.9542 14.3855 14.5433 14.9983 15.1736 15.6736 15.7254 16.1305 16.3214 16.7616 16.8915 17.1804 17.5375 17.9502 18.1404 18.4582 18.7768 19.1132 19.2219 19.5286 
1	3	0	64	1 0 3 2 5 4 7 6 9 8 11 10 13 12 15 14 17 16 19 18 21 20 23 22 25 24 27 26 29 28 31 30 33 35 32 34 37 36 39 38 41 40 43 42 45 44 47 46 49 48 51 50 53 52 55 54 57 56 59 58 61 60 63 62 
1	3	0	64	0 0.374103 0.618117 1.05167 1.19089 1.63816 1.81891 2.15148 2.39892 2.98948 3.04486 3.50051 3.62563 4.15178 4.26204 4.63195 4.95866 5.50196 5.60955 6.04729 6.19908 6.68866 6.83892 7.20769 7.44294 7.98167 8.11593 8.55406 8.75654 9.21486 9.39942 9.7701 10.0476 10.6589 10.7049 11.1645 11.2911 11.7365 11.8772 12.254 12.551 13.1175 13.1721 13.6511 13.8059 14.2951 14.472 14.8945 15.1744 15.7482 15.7894 16.1963 16.4815 16.848 17.1686 17.4924 18.0115 18.4889 18.7516 19.1455 19.3739 19.7911 19.9017 20.3776 
1	3	1	64	1 3 0 2 5 4 7 6 9 8 11 10 13 15 12 14 17 19 16 18 21 23 20 22 25 27 24 26 29 28 31 30 33 35 32 37 34 39 36 38 41 40 43 42 45 47 44 46 49 51 48 50 53 55 52 54 57 56 59 58 61 63 60 62 
1	3	1	64	-0.790627 -0.130972 0 0.331161 0.637674 1.14554 1.25122 1.71792 2.01148 2.66149 2.66999 3.27198 3.40472 3.98778 4.03491 4.56729 4.72708 5.33719 5.40796 5.9289 6.04792 6.67823 6.72212 7.27298 7.36227 7.99754 8.06411 8.55418 8.6511 9.23175 9.24825 9.78432 9.93687 10.5874 10.6513 11.18 11.1825 11.7413 11.7766 12.3025 12.4528 13.0452 13.0816 13.6104 13.7881 14.2934 14.3211 14.8996 15.0552 15.5861 15.6458 16.0996 16.1725 16.6508 16.688 17.1213 17.3592 17.8694 17.9598 18.4616 18.584 18.9861 19.0496 19.492 
1	4	0	64	1 0 3 2 5 4 7 6 9 8 11 10 13 12 15 14 17 16 19 18 21 20 23 22 25 24 27 26 29 28 31 30 33 35 32 34 37 36 39 38 41 40 43 42 45 44 47 46 49 48 51 50 53 52 55 54 57 56 59 58 61 60 63 62 
1	4	0	64	0 0.374103 0.618117 1.05167 1.19089 1.63816 1.81891 2.15148 2.39892 2.98948 3.04486 3.50051 3.62563 4.15178 4.26204 4.63195 4.95866 5.50196 5.60955 6.04729 6.19908 6.68866 6.83892 7.20769 7.44294 7.98167 8.11593 8.55406 8.75654 9.21486 9.39942 9.7701 10.0476 10.6589 10.7049 11.1645 11.2911 11.7365 11.8772 12.254 12.551 13.1175 13.1721 13.6511 13.8059 14.2951 14.472 14.8945 15.1744 15.7482 15.7894 16.1963 16.4815 16.848 17.1686 17.4924 18.0115 18.4889 18.7516 19.1455 19.3739 19.7911 19.9017 20.3776 
1	4	1	64	1 3 0 2 5 4 7 6 9 8 11 10 13 15 12 14 17 19 16 18 21 23 20 22 25 27 24 26 29 28 31 30 33 35 32 37 34 39 36 38 41 40 43 42 45 47 44 46 49 51 48 50 53 55 52 54 57 56 59 58 61 63 60 62 
1	4	1	64	-0.790627 -0.130972 0 0.331161 0.637674 1.14554 1.25122 1.71792 2.01148 2.66149 2.66999 3.27198 3.40472 3.98778 4.03491 4.56729 4.72708 5.33719 5.40796 5.9289 6.04792 6.67823 6.72212 7.27298 7.36227 7.99754 8.06411 8.55418 8.6511 9.23175 9.24825 9.78432 9.93687 10.5874 10.6513 11.18 11.1825 11.7413 11.7766 12.3025 12.4528 13.0452 13.0816 13.6104 13.7881 14.2934 14.3211 14.8996 15.0552 15.5861 15.6458 16.0996 16.1725 16.6508 16.688 17.1213 17.3592 17.8694 17.9598 18.4616 18.584 18.9861 19.0496 19.492 
1	5	0	64	1 0 3 2 5 4 7 6 9 8 11 10 13 12 15 14 17 16 19 18 21 20 23 22 25 24 27 26 29 28 31 30 33 35 32 34 37 36 39 38 41 40 43 42 45 44 47 46 49 48 51 50 53 52 55 54 57 56 59 58 61 60 63 62 
1	5	0	64	0 0.374103 0.618117 1.05167 1.19089 1.63816 1.81891 2.15148 2.39892 2.98948 3.04486 3.50051 3.62563 4.15178 4.26204 4.63195 4.95866 5.50196 5.60955 6.04729 6.19908 6.68866 6.83892 7.20769 7.44294 7.98167 8.11593 8.55406 8.75654 9.21486 9.39942 9.7701 10.0476 10.6589 10.7049 11.1645 11.2911 11.7365 11.8772 12.254 12.551 13.1175 13.1721 13.6511 13.8059 14.2951 14.472 14.8945 15.1744 15.7482 15.7894 16.1963 16.4815 16.848 17.1686 17.4924 18.0115 18.4889 18.7516 19.1455 19.3739 19.7911 19.9017 20.3776 
1	5	1	64	1 3 0 2 5 4 7 6 9 8 11 10 13 15 12 14 17 19 16 18 21 23 20 22 25 27 24 26 29 28 31 30 33 35 32 37 34 39 36 38 41 40 43 42 45 47 44 46 49 51 48 50 53 55 52 54 57 56 59 58 61 63 60 62 
1	5	1	64	-0.790627 -0.130972 0 0.331161 0.637674 1.14554 1.25122 1.71792 2.01148 2.66149 2.66999 3.27198 3.40472 3.98778 4.03491 4.56729 4.72708 5.33719 5.40796 5.9289 6.04792 6.67823 6.72212 7.27298 7.36227 7.99754 8.06411 8.55418 8.6511 9.23175 9.24825 9.78432 9.93687 10.5874 10.6513 11.18 11.1825 11.7413 11.7766 12.3025 12.4528 13.0452 13.0816 13.6104 13.7881 14.2934 14.3211 14.8996 15.0552 15.5861 15.6458 16.0996 16.1725 16.6508 16.688 17.1213 17.3592 17.8694 17.9598 18.4616 18.584 18.9861 19.0496 19.492 
1	6	0	64	1 0 3 2 5 4 7 6 9 8 11 10 13 12 15 14 17 16 19 18 21 20 23 22 25 24 27 26 29 28 31 30 33 35 32 34 37 36 39 38 41 40 43 42 45 44 47 46 49 48 51 50 53 52 55 54 57 56 59 58 61 60 63 62 
1	6	0	64	0 0.374103 0.618117 1.05167 1.19089 1.63816 1.81891 2.15148 2.39892 2.98948 3.04486 3.50051 3.62563 4.15178 4.26204 4.63195 4.95866 5.50196 5.60955 6.04729 6.19908 6.68866 6.83892 7.20769 7.44294 7.98167 8.11593 8.55406 8.75654 9.21486 9.39942 9.7701 10.0476 10.6589 10.7049 11.1645 11.2911 11.7365 11.8772 12.254 12.551 13.1175 13.1721 13.6511 13.8059 14.2951 14.472 14.8945 15.1744 15.7482 15.7894 16.1963 16.4815 16.848 17.1686 17.4924 18.0115 18.4889 18.7516 19.1455 19.3739 19.7911 19.9017 20.3776 
1	6	1	64	1 3 0 2 5 4 7 6 9 8 11 10 13 15 12 14 17 19 16 18 21 23 20 22 25 27 24 26 29 28 31 30 33 35 32 37 34 39 36 38 41 40 43 42 45 47 44 46 49 51 48 50 53 55 52 54 57 56 59 58 61 63 60 62 
1	6	1	64	-0.790627 -0.130972 0 0.331161 0.637674 1.14554 1.25122 1.71792 2.01148 2.66149 2.66999 3.27198 3.40472 3.98778 4.03491 4.56729 4.72708 5.33719 5.40796 5.9289 6.04792 6.67823 6.72212 7.27298 7.36227 7.99754 8.06411 8.55418 8.6511 9.23175 9.24825 9.78432 9.93687 10.5874 10.6513 11.18 11.1825 11.7413 11.7766 12.3025 12.4528 13.0452 13.0816 13.6104 13.7881 14.2934 14.3211 14.8996 15.0552 15.5861 15.6458 16.0996 16.1725 16.6508 16.688 17.1213 17.3592 17.8694 17.9598 18.4616 18.584 18.9861 19.0496 19.492 
1	7	0	64	1 0 3 2 5 4 7 6 9 8 11 10 13 12 15 14 17 16 19 18 21 20 23 22 25 24 27 26 29 28 31 30 33 35 32 34 37 36 39 38 41 40 43 42 45 44 47 46 49 48 51 50 53 52 55 54 57 56 59 58 61 60 63 62 
1	7	0	64	0 0.374103 0.618117 1.05167 1.19089 1.63816 1.81891 2.15148 2.39892 2.98948 3.04486 3.50051 3.62563 4.15178 4.26204 4.63195 4.95866 5.50196 5.60955 6.04729 6.19908 6.68866 6.83892 7.20769 7.44294 7.98167 8.11593 8.55406 8.75654 9.21486 9.39942 9.7701 10.0476 10.6589 10.7049 11.1645 11.2911 11.7365 11.8772 12.254 12.551 13.1175 13.1721 13.6511 13.8059 14.2951 14.472 14.8945 15.1744 15.7482 15.7894 16.1963 16.4815 16.848 17.1686 17.4924 18.0115 18.4889 18.7516 19.1455 19.3739 19.7911 19.9017 20.3776 
1	7	1	64	1 3 0 2 5 4 7 6 9 8 11 10 13 15 12 14 17 19 16 18 21 23 20 22 25 27 24 26 29 28 31 30 33 35 32 37 34 39 36 38 41 40 43 42 45 47 44 46 49 51 48 50 53 55 52 54 57 56 59 58 61 63 60 62 
1	7	1	64	-0.790627 -0.130972 0 0.331161 0.637674 1.14554 1.25122 1.71792 2.01148 2.66149 2.66999 3.27198 3.40472 3.98778 4.03491 4.56729 4.72708 5.33719 5.40796 5.9289 6.04792 6.67823 6.72212 7.27298 7.36227 7.99754 8.06411 8.55418 8.6511 9.23175 9.24825 9.78432 9.93687 10.5874 10.6513 11.18 11.1825 11.7413 11.7766 12.3025 12.4528 13.0452 13.0816 13.6104 13.7881 14.2934 14.3211 14.8996 15.0552 15.5861 15.6458 16.0996 16.1725 16.6508 16.688 17.1213 17.3592 17.8694 17.9598 18.4616 18.584 18.9861 19.0496 19.492 
2	0	0	64	0 1 2 3 4 5 6 7 8 9 10 11 12 13 14 15 16 17 18 19 20 21 22 23 24 25 26 27 28 29 30 31 32 33 34 35 36 37 38 39 40 41 42 43 44 45 46 47 48 49 50 51 52 53 54 55 56 57 58 59 60 61 62 63 
2	0	0	64	0 0.134686 0.553333 0.689925 1.13449 1.24554 1.70306 1.84689 2.31508 2.45282 2.91529 3.06141 3.50178 3.65513 4.10046 4.29802 4.73191 4.90204 5.34965 5.48662 5.91327 6.08873 6.54015 6.70304 7.16742 7.33945 7.77944 7.98386 8.42842 8.62942 9.09151 9.26659 9.72601 9.88737 10.3296 10.5021 10.9642 11.1469 11.5914 11.7932 12.2011 12.3713 12.8139 13.0412 13.5269 13.7247 14.1866 14.3689 14.8013 14.9802 15.4625 15.6478 16.121 16.338 16.8347 17.0456 17.5291 17.6817 18.1887 18.4015 18.8808 19.0852 19.5122 19.6507 
2	0	1	64	0 1 2 3 4 5 6 7 8 9 10 11 12 13 14 15 16 17 18 19 20 21 22 23 24 25 26 27 28 29 30 31 32 33 34 35 36 37 38 39 40 41 42 43 44 45 46 47 48 49 50 51 52 53 54 55 56 57 58 59 60 61 62 63 
2	0	1	64	0 0.179654 0.604017 0.850741 1.33608 1.55041 2.01441 2.20016 2.64624 2.85334 3.3501 3.56024 4.01433 4.19856 4.67932 4.89404 5.31573 5.51215 5.97653 6.18439 6.61637 6.80669 7.29851 7.50141 7.94407 8.14925 8.59343 8.77842 9.22717 9.4255 9.90665 10.0974 10.5179 10.6812 11.1337 11.3225 11.7557 11.9399 12.4283 12.6175 13.0392 13.2238 13.6809 13.8674 14.3169 14.5008 14.9449 15.1391 15.5547 15.6939 16.1473 16.2877 16.7063 16.8738 17.3191 17.5029 17.9117 18.0723 18.5226 18.6687 19.1068 19.2662 19.694 19.8234 
2	1	0	64	0 1 2 3 4 5 6 7 8 9 10 11 12 13 14 15 16 17 18 19 20 21 22 23 24 25 26 27 28 29 30 31 32 33 34 35 36 37 38 39 40 41 42 43 44 45 46 47 48 49 50 51 52 53 54 55 56 57 58 59 60 61 62 63 
2	1	0	64	0 0.0888662 0.576198 0.661635 1.16307 1.19972 1.73812 1.82623 2.34938 2.40433 2.91567 3.02778 3.52998 3.61999 4.12618 4.27735 4.77574 4.8768 5.3668 5.47777 5.94338 6.05587 6.56988 6.68237 7.22725 7.30602 7.82707 7.96281 8.4974 8.59998 9.14981 9.24821 9.7927 9.86442 10.3975 10.4985 11.0072 11.1353 11.6604 11.7752 12.2812 12.3537 12.8791 13.0339 13.5757 13.713 14.2651 14.3631 14.8684 14.9717 15.5314 15.6504 16.196 16.3455 16.9277 17.0536 17.6583 17.7311 18.3678 18.4365 18.9799 19.0931 19.6288 19.6834 
2	1	1	64	0 1 2 3 4 5 6 7 8 9 10 11 12 13 14 15 17 16 18 19 20 21 22 23 24 25 26 27 28 29 30 31 33 32 34 35 36 37 38 39 41 40 43 42 45 44 46 47 49 48 51 50 52 53 54 55 56 57 59 58 60 61 62 63 
2	1	1	64	0 0.0385632 0.606875 0.697838 1.31245 1.38836 2.04566 2.07279 2.65691 2.70691 3.37488 3.43325 4.03948 4.07081 4.70867 4.74647 5.37411 5.39043 5.95672 6.03948 6.62628 6.6797 7.32404 7.38204 8.01761 8.02036 8.63306 8.63771 9.2931 9.3168 9.98286 9.9917 10.5782 10.6014 11.1654 11.1974 11.8479 11.8487 12.4904 12.5152 13.1124 13.1314 13.7797 13.7926 14.3985 14.4038 15.0132 15.0384 15.6275 15.6877 16.2163 16.2483 16.7475 16.7693 17.3713 17.4087 17.9418 17.9708 18.5851 18.5934 19.1418 19.1796 19.7161 19.717 
2	2	0	64	1 0 3 2 5 4 7 6 9 8 11 10 13 12 15 14 17 16 19 18 21 20 23 22 25 24 27 26 29 28 31 30 33 32 35 34 37 36 39 38 41 40 43 42 45 44 47 46 49 48 51 50 53 52 55 54 57 56 59 58 61 60 63 62 
2	2	0	64	0 0.0657423 0.574674 0.698722 1.14134 1.31341 1.72669 1.89532 2.34023 2.52335 2.99455 3.12622 3.58295 3.73443 4.24032 4.30682 4.8329 5.01907 5.4453 5.59374 6.01502 6.15812 6.66134 6.76709 7.2867 7.458 7.94635 8.07574 8.61211 8.81275 9.24318 9.37028 9.88454 10.1484 10.5118 10.6869 11.1402 11.3111 11.7888 11.9228 12.373 12.5815 13.0311 13.1213 13.7137 13.8404 14.3627 14.4642 15.0269 15.2454 15.6881 15.8502 16.3511 16.4577 17.0767 17.1672 17.8202 18.0613 18.5308 18.6897 19.1925 19.3455 19.7439 19.924 
2	2	1	64	1 0 3 2 5 4 7 6 9 8 11 10 13 12 15 14 17 16 19 18 21 20 23 22 25 24 27 26 29 28 31 30 33 32 35 34 37 36 39 38 41 40 43 42 45 44 47 46 49 48 51 50 53 52 55 54 57 56 59 58 61 60 63 62 
2	2	1	64	-0.355747 0 0.290571 0.535422 1.00282 1.2671 1.70134 1.98926 2.30993 2.63595 3.08372 3.36116 3.68679 4.07531 4.38798 4.70848 5.03049 5.49027 5.67604 5.9148 6.33151 6.71431 6.99954 7.2886 7.67978 8.10908 8.29523 8.64526 8.9968 9.35522 9.61225 9.9318 10.2624 10.6498 10.8599 11.1699 11.5272 11.9161 12.1689 12.4816 12.7631 13.1805 13.4238 13.727 14.0755 14.4534 14.6871 15.0017 15.3327 15.8268 15.902 16.2765 16.4554 16.8298 17.0704 17.3305 17.6562 17.9399 18.2811 18.5481 18.8874 19.2108 19.3276 19.5858 
2	3	0	64	1 0 3 2 5 4 7 6 9 8 11 10 13 12 15 14 17 16 19 18 21 20 23 22 25 24 27 26 29 28 31 30 33 32 35 34 37 36 39 38 41 40 43 42 45 44 47 46 49 48 51 50 53 52 55 54 57 56 59 58 61 60 63 62 
2	3	0	64	0 0.22874 0.56629 0.887633 1.21337 1.59721 1.7446 2.05908 2.38368 2.8102 3.04638 3.40812 3.65078 4.04529 4.2426 4.54642 4.93656 5.43777 5.52571 5.9328 6.0981 6.44497 6.7326 7.07414 7.37358 7.87023 8.08773 8.3805 8.70661 9.21812 9.32702 9.61254 9.99277 10.4894 10.6033 11.0008 11.2469 11.7131 11.8765 12.2348 12.4919 13.061 13.1695 13.4428 13.8074 14.2275 14.4526 14.8151 15.1629 15.6478 15.8134 16.1611 16.5108 16.884 17.1853 17.5193 17.9612 18.5291 18.6906 19.0966 19.3789 19.7223 19.8678 20.3015 
2	3	1	64	1 3 0 2 5 4 7 6 9 8 11 10 13 12 15 14 17 19 16 18 21 20 23 22 25 27 24 26 29 31 28 30 33 35 32 34 37 39 36 38 41 40 43 42 45 47 44 46 49 51 48 53 50 52 55 54 57 56 59 58 61 63 60 62 
2	3	1	64	-0.719576 -0.0622065 0 0.424146 0.648514 1.25834 1.32799 1.91952 1.99984 2.62948 2.75476 3.24378 3.36602 3.97013 4.02987 4.63245 4.69867 5.33851 5.3729 5.83896 6.00236 6.61599 6.63915 7.17085 7.32967 7.98666 8.06449 8.58276 8.6909 9.261 9.30682 9.83729 9.96639 10.5521 10.6311 11.0758 11.2495 11.8181 11.8342 12.4012 12.4823 13.0963 13.1077 13.6401 13.7559 14.3279 14.3916 14.8661 15.0504 15.6152 15.661 16.1819 16.1823 16.693 16.7062 17.169 17.3605 17.9281 17.9832 18.4726 18.6139 18.987 19.0633 19.4425 
2	4	0	64	1 0 3 2 5 4 7 6 9 8 11 10 13 12 15 14 17 16 19 18 21 20 23 22 25 24 27 26 29 28 31 30 33 32 35 34 37 36 39 38 41 40 43 42 45 44 47 46 49 48 51 50 53 52 55 54 57 56 59 58 61 60 63 62 
2	4	0	64	0 0.22874 0.56629 0.887633 1.21337 1.59721 1.7446 2.05908 2.38368 2.8102 3.04638 3.40812 3.65078 4.04529 4.2426 4.54642 4.93656 5.43777 5.52571 5.9328 6.0981 6.44497 6.7326 7.07414 7.37358 7.87023 8.08773 8.3805 8.70661 9.21812 9.32702 9.61254 9.99277 10.4894 10.6033 11.0008 11.2469 11.7131 11.8765 12.2348 12.4919 13.061 13.1695 13.4428 13.8074 14.2275 14.4526 14.8151 15.1629 15.6478 15.8134 16.1611 16.5108 16.884 17.1853 17.5193 17.9612 18.5291 18.6906 19.0966 19.3789 19.7223 19.8678 20.3015 
2	4	1	64	1 3 0 2 5 4 7 6 9 8 11 10 13 12 15 14 17 19 16 18 21 20 23 22 25 27 24 26 29 31 28 30 33 35 32 34 37 39 36 38 41 40 43 42 45 47 44 46 49 51 48 53 50 52 55 54 57 56 59 58 61 63 60 62 
2	4	1	64	-0.719576 -0.0622065 0 0.424146 0.648514 1.25834 1.32799 1.91952 1.99984 2.62948 2.75476 3.24378 3.36602 3.97013 4.02987 4.63245 4.69867 5.33851 5.3729 5.83896 6.00236 6.61599 6.63915 7.17085 7.32967 7.98666 8.06449 8.58276 8.6909 9.261 9.30682 9.83729 9.96639 10.5521 10.6311 11.0758 11.2495 11.8181 11.8342 12.4012 12.4823 13.0963 13.1077 13.6401 13.7559 14.3279 14.3916 14.8661 15.0504 15.6152 15.661 16.1819 16.1823 16.693 16.7062 17.169 17.3605 17.9281 17.9832 18.4726 18.6139 18.987 19.0633 19.4425 
2	5	0	64	1 0 3 2 5 4 7 6 9 8 11 10 13 12 15 14 17 16 19 18 21 20 23 22 25 24 27 26 29 28 31 30 33 32 35 34 37 36 39 38 41 40 43 42 45 44 47 46 49 48 51 50 53 52 55 54 57 56 59 58 61 60 63 62 
2	5	0	64	0 0.22874 0.56629 0.887633 1.21337 1.59721 1.7446 2.05908 2.38368 2.8102 3.04638 3.40812 3.65078 4.04529 4.2426 4.54642 4.93656 5.43777 5.52571 5.9328 6.0981 6.44497 6.7326 7.07414 7.37358 7.87023 8.08773 8.3805 8.70661 9.21812 9.32702 9.61254 9.99277 10.4894 10.6033 11.0008 11.2469 11.7131 11.8765 12.2348 12.4919 13.061 13.1695 13.4428 13.8074 14.2275 14.4526 14.8151 15.1629 15.6478 15.8134 16.1611 16.5108 16.884 17.1853 17.5193 17.9612 18.5291 18.6906 19.0966 19.3789 19.7223 19.8678 20.3015 
2	5	1	64	1 3 0 2 5 4 7 6 9 8 11 10 13 12 15 14 17 19 16 18 21 20 23 22 25 27 24 26 29 31 28 30 33 35 32 34 37 39 36 38 41 40 43 42 45 47 44 46 49 51 48 53 50 52 55 54 57 56 59 58 61 63 60 62 
2	5	1	64	-0.719576 -0.0622065 0 0.424146 0.648514 1.25834 1.32799 1.91952 1.99984 2.62948 2.75476 3.24378 3.36602 3.97013 4.02987 4.63245 4.69867 5.33851 5.3729 5.83896 6.00236 6.61599 6.63915 7.17085 7.32967 7.98666 8.06449 8.58276 8.6909 9.261 9.30682 9.83729 9.96639 10.5521 10.6311 11.0758 11.2495 11.8181 11.8342 12.4012 12.4823 13.0963 13.1077 13.6401 13.7559 14.3279 14.3916 14.8661 15.0504 15.6152 15.661 16.1819 16.1823 16.693 16.7062 17.169 17.3605 17.9281 17.9832 18.4726 18.6139 18.987 19.0633 19.4425 
2	6	0	64	1 0 3 2 5 4 7 6 9 8 11 10 13 12 15 14 17 16 19 18 21 20 23 22 25 24 27 26 29 28 31 30 33 32 35 34 37 36 39 38 41 40 43 42 45 44 47 46 49 48 51 50 53 52 55 54 57 56 59 58 61 60 63 62 
2	6	0	64	0 0.22874 0.56629 0.887633 1.21337 1.59721 1.7446 2.05908 2.38368 2.8102 3.04638 3.40812 3.65078 4.04529 4.2426 4.54642 4.93656 5.43777 5.52571 5.9328 6.0981 6.44497 6.7326 7.07414 7.37358 7.87023 8.08773 8.3805 8.70661 9.21812 9.32702 9.61254 9.99277 10.4894 10.6033 11.0008 11.2469 11.7131 11.8765 12.2348 12.4919 13.061 13.1695 13.4428 13.8074 14.2275 14.4526 14.8151 15.1629 15.6478 15.8134 16.1611 16.5108 16.884 17.1853 17.5193 17.9612 18.5291 18.6906 19.0966 19.3789 19.7223 19.8678 20.3015 
2	6	1	64	1 3 0 2 5 4 7 6 9 8 11 10 13 12 15 14 17 19 16 18 21 20 23 22 25 27 24 26 29 31 28 30 33 35 32 34 37 39 36 38 41 40 43 42 45 47 44 46 49 51 48 53 50 52 55 54 57 56 59 58 61 63 60 62 
2	6	1	64	-0.719576 -0.0622065 0 0.424146 0.648514 1.25834 1.32799 1.91952 1.99984 2.62948 2.75476 3.24378 3.36602 3.97013 4.02987 4.63245 4.69867 5.33851 5.3729 5.83896 6.00236 6.61599 6.63915 7.17085 7.32967 7.98666 8.06449 8.58276 8.6909 9.261 9.30682 9.83729 9.96639 10.5521 10.6311 11.0758 11.2495 11.8181 11.8342 12.4012 12.4823 13.0963 13.1077 13.6401 13.7559 14.3279 14.3916 14.8661 15.0504 15.6152 15.661 16.1819 16.1823 16.693 16.7062 17.169 17.3605 17.9281 17.9832 18.4726 18.6139 18.987 19.0633 19.4425 
2	7	0	64	1 0 3 2 5 4 7 6 9 8 11 10 13 12 15 14 17 16 19 18 21 20 23 22 25 24 27 26 29 28 31 30 33 32 35 34 37 36 39 38 41 40 43 42 45 44 47 46 49 48 51 50 53 52 55 54 57 56 59 58 61 60 63 62 
2	7	0	64	0 0.22874 0.56629 0.887633 1.21337 1.59721 1.7446 2.05908 2.38368 2.8102 3.04638 3.40812 3.65078 4.04529 4.2426 4.54642 4.93656 5.43777 5.52571 5.9328 6.0981 6.44497 6.7326 7.07414 7.37358 7.87023 8.08773 8.3805 8.70661 9.21812 9.32702 9.61254 9.99277 10.4894 10.6033 11.0008 11.2469 11.7131 11.8765 12.2348 12.4919 13.061 13.1695 13.4428 13.8074 14.2275 14.4526 14.8151 15.1629 15.6478 15.8134 16.1611 16.5108 16.884 17.1853 17.5193 17.9612 18.5291 18.6906 19.0966 19.3789 19.7223 19.8678 20.3015 
2	7	1	64	1 3 0 2 5 4 7 6 9 8 11 10 13 12 15 14 17 19 16 18 21 20 23 22 25 27 24 26 29 31 28 30 33 35 32 34 37 39 36 38 41 40 43 42 45 47 44 46 49 51 48 53 50 52 55 54 57 56 59 58 61 63 60 62 
2	7	1	64	-0.719576 -0.0622065 0 0.424146 0.648514 1.25834 1.32799 1.91952 1.99984 2.62948 2.75476 3.24378 3.36602 3.97013 4.02987 4.63245 4.69867 5.33851 5.3729 5.83896 6.00236 6.61599 6.63915 7.17085 7.32967 7.98666 8.06449 8.58276 8.6909 9.261 9.30682 9.83729 9.96639 10.5521 10.6311 11.0758 11.2495 11.8181 11.8342 12.4012 12.4823 13.0963 13.1077 13.6401 13.7559 14.3279 14.3916 14.8661 15.0504 15.6152 15.661 16.1819 16.1823 16.693 16.7062 17.169 17.3605 17.9281 17.9832 18.4726 18.6139 18.987 19.0633 19.4425 
3	0	0	64	0 1 2 3 4 5 6 7 8 9 10 11 12 13 14 15 16 17 18 19 20 21 22 23 24 25 26 27 28 29 30 31 32 33 34 35 36 37 38 39 40 41 42 43 44 45 46 47 48 49 50 51 52 53 54 55 56 57 58 59 60 61 62 63 
3	0	0	64	0 0.137136 0.578866 0.712953 1.18174 1.27581 1.73545 1.88059 2.31356 2.4747 2.90309 3.06957 3.52769 3.68388 4.14314 4.34849 4.78869 4.96737 5.39614 5.56986 6.03408 6.19636 6.64876 6.82477 7.26345 7.40287 7.83774 8.04424 8.50845 8.7058 9.18602 9.36012 9.81519 10.0019 10.4405 10.6402 11.0785 11.2591 11.6977 11.873 12.2823 12.424 12.9164 13.1138 13.5986 13.8146 14.2754 14.4796 14.9225 15.1084 15.5703 15.7806 16.2559 16.4696 16.9525 17.1567 17.6537 17.859 18.377 18.5839 19.0473 19.2264 19.6788 19.8277 
3	0	1	64	0 1 2 3 4 5 6 7 8 9 10 11 12 13 14 15 16 17 18 19 20 21 22 23 24 25 26 27 28 29 30 31 32 33 34 35 36 37 38 39 40 41 42 43 44 45 46 47 48 49 50 51 52 53 54 55 56 57 58 59 60 61 62 63 
3	0	1	64	0 0.18096 0.640601 0.853191 1.31893 1.55019 2.02775 2.26472 2.70455 2.92476 3.3684 3.5848 4.03377 4.22464 4.69228 4.91402 5.36718 5.54319 5.98301 6.18836 6.62094 6.83125 7.32747 7.51987 7.96503 8.13189 8.60182 8.81555 9.27481 9.46949 9.91617 10.1253 10.556 10.7179 11.1791 11.3482 11.8037 11.9709 12.4363 12.61 13.0472 13.2251 13.687 13.8615 14.3017 14.4811 14.953 15.0893 15.5581 15.6648 16.1595 16.2707 16.6869 16.8389 17.2798 17.4467 17.8206 17.9802 18.4319 18.5926 19.0225 19.2168 19.6711 19.7751 
3	1	0	64	0 1 3 2 5 4 6 7 8 9 10 11 12 13 14 15 16 17 18 19 20 21 22 23 25 24 26 27 28 29 30 31 33 32 34 35 36 37 38 39 41 40 42 43 44 45 46 47 48 49 50 51 52 53 54 55 57 56 58 59 60 61 63 62 
3	1	0	64	0 0.0681562 0.616916 0.627644 1.18816 1.21642 1.75641 1.79103 2.349 2.37257 2.9271 2.98249 3.57723 3.59127 4.18125 4.25703 4.86758 4.87933 5.45483 5.49059 6.08362 6.10642 6.69144 6.7737 7.33999 7.35377 7.86785 7.95811 8.55037 8.64101 9.27062 9.29495 9.94241 9.96724 10.5305 10.5983 11.1665 11.2049 11.785 11.804 12.3669 12.3944 12.998 13.0425 13.6855 13.7422 14.3653 14.4293 15.0101 15.0436 15.6923 15.7288 16.3245 16.4124 17.0562 17.1159 17.8316 17.8328 18.5401 18.5858 19.202 19.2325 19.8186 19.8407 
3	1	1	64	1 0 2 3 4 5 6 7 9 8 11 10 13 12 14 15 17 16 19 18 21 20 23 22 25 24 27 26 29 28 31 30 33 32 35 34 37 36 39 38 41 40 43 42 45 44 47 46 49 48 51 50 53 52 55 54 57 56 59 58 60 61 63 62 
3	1	1	64	-0.107904 0 0.519036 0.550989 1.22442 1.26095 1.93705 1.95681 2.63056 2.64624 3.28183 3.29942 3.92777 3.94269 4.60806 4.61524 5.27185 5.35689 5.90293 5.92661 6.53705 6.54739 7.22605 7.2402 7.87351 7.95588 8.53164 8.58086 9.18596 9.20202 9.8418 9.85901 10.4641 10.5983 11.0883 11.2115 11.7305 11.7987 12.3813 12.4751 12.9896 13.0891 13.6141 13.6935 14.2429 14.2792 14.845 14.9248 15.4677 15.6968 16.0493 16.2151 16.5942 16.6533 17.1754 17.2109 17.7451 17.7958 18.364 18.3968 18.9661 18.9714 19.5183 19.6003 
3	2	0	64	1 0 3 2 5 4 7 6 9 8 11 10 13 12 15 14 17 16 19 18 21 20 23 22 25 24 27 26 29 28 31 30 33 32 35 34 37 36 39 38 41 40 43 42 45 44 47 46 49 48 51 50 53 52 55 54 57 56 59 58 61 60 63 62 
3	2	0	64	0 0.128826 0.602874 0.866223 1.15964 1.4146 1.76175 1.8841 2.35471 2.55137 2.9675 3.12414 3.59362 3.82953 4.24413 4.33484 4.90416 5.17742 5.53409 5.70484 6.14916 6.33401 6.7608 6.9083 7.38464 7.68571 7.98027 8.11367 8.6384 8.75846 9.3476 9.52139 10.0114 10.3804 10.6132 10.79 11.2702 11.4424 11.8574 12.0442 12.4264 12.7274 13.1215 13.3124 13.7891 13.9709 14.4675 14.6611 15.1283 15.3969 15.8032 15.9834 16.4571 16.605 17.185 17.3561 17.9734 18.2634 18.7017 18.9181 19.4162 19.6834 19.9326 20.2032 
3	2	1	64	1 0 3 2 5 4 7 6 9 8 11 10 13 12 15 14 17 16 19 18 21 20 23 22 25 24 27 26 29 28 31 30 33 35 32 34 37 36 39 38 41 40 43 42 45 44 47 46 49 48 51 50 53 52 55 54 57 56 59 58 61 60 63 62 
3	2	1	64	-0.53468 0 0.095251 0.338402 0.821977 1.10629 1.51174 1.76747 2.19998 2.52353 2.83943 3.21101 3.52653 3.95336 4.16675 4.50898 4.84393 5.34165 5.47463 5.86792 6.12818 6.54625 6.7745 7.13426 7.43378 8.01228 8.11439 8.51569 8.78776 9.18602 9.4055 9.77631 10.0918 10.6863 10.6863 11.1402 11.3437 11.782 11.9591 12.3764 12.5708 13.0243 13.2358 13.5811 13.8463 14.2761 14.419 14.8562 15.1122 15.6785 15.6858 16.0901 16.252 16.6198 16.7875 17.1087 17.3789 17.8 17.9738 18.3076 18.6258 18.8716 19.1033 19.4193 
3	3	0	64	1 0 3 2 5 4 7 6 9 8 11 10 13 12 15 14 17 16 19 18 21 20 23 22 25 27 24 26 29 28 31 30 33 32 35 34 37 36 39 38 41 40 43 42 45 44 47 46 49 48 51 50 53 52 55 54 57 56 59 58 61 60 63 62 
3	3	0	64	0 0.231207 0.586869 1.02653 1.18403 1.53947 1.72936 1.99829 2.32842 2.8744 2.97626 3.33475 3.60048 4.04547 4.20373 4.51039 4.93389 5.52522 5.54896 5.99662 6.15335 6.57701 6.7528 7.04841 7.38349 7.96846 7.99769 8.33914 8.68261 9.05939 9.37808 9.74038 10.0617 10.5917 10.6719 11.0174 11.3178 11.7746 11.8555 12.1938 12.5053 13.097 13.1756 13.5981 13.8154 14.2231 14.4614 14.8423 15.2391 15.744 15.8676 16.2481 16.5082 16.8396 17.2219 17.5819 18.0363 18.5388 18.8049 19.1585 19.5271 19.8856 19.9554 20.4054 
3	3	1	64	1 3 0 2 5 4 7 6 9 8 11 10 13 12 15 14 17 19 16 18 21 20 23 22 25 27 24 26 29 28 31 30 33 35 32 34 37 39 36 38 41 40 43 42 45 47 44 46 49 51 48 50 53 55 52 54 57 56 59 58 61 60 63 62 
3	3	1	64	-0.667167 -0.0749634 0 0.419954 0.690252 1.18936 1.34076 1.80824 2.02481 2.68854 2.69666 3.28913 3.39252 3.96136 4.00301 4.52232 4.76137 5.34595 5.40757 5.89003 5.97321 6.57712 6.60314 7.15675 7.33749 7.99486 8.0039 8.53627 8.6709 9.21955 9.24939 9.80756 9.97992 10.5603 10.6208 11.1273 11.1914 11.7988 11.8284 12.3079 12.4493 13.0765 13.0793 13.618 13.7778 14.2362 14.2803 14.8188 15.003 15.5697 15.6202 16.0806 16.0887 16.6032 16.6091 17.143 17.2792 17.8126 17.8523 18.3263 18.4758 18.8572 18.9323 19.3728 
3	4	0	64	1 0 3 2 5 7 4 6 9 8 11 10 13 12 15 14 17 16 19 18 21 20 23 22 25 27 24 26 29 28 31 30 33 32 35 34 37 36 39 38 41 40 43 42 45 44 47 46 49 48 51 50 53 52 55 54 57 56 59 58 61 60 63 62 
3	4	0	64	0 0.324923 0.512938 1.05889 1.17602 1.64438 1.68082 2.04132 2.34709 2.88237 2.95911 3.29928 3.57761 4.14071 4.15495 4.57438 4.94341 5.5027 5.51352 5.9642 6.17508 6.70464 6.70478 7.15546 7.42617 7.95893 7.99766 8.40732 8.68032 9.14053 9.29424 9.73197 10.1018 10.6485 10.6646 11.102 11.3349 11.7449 11.7945 12.2974 12.4885 13.0642 13.1455 13.5462 13.8387 14.2223 14.4225 14.8476 15.3203 15.6994 15.8344 16.2816 16.5653 16.8796 17.1301 17.5007 18.0637 18.4611 18.7569 19.0742 19.5256 19.7823 19.8994 20.3733 
3	4	1	64	1 3 0 2 5 4 7 6 9 11 8 10 13 15 12 14 17 19 16 18 21 23 20 22 25 27 24 26 29 31 28 30 33 35 32 34 37 36 39 38 41 40 43 42 45 47 44 46 49 51 48 50 53 52 55 54 57 56 59 58 61 60 63 62 
3	4	1	64	-0.646558 -0.0776004 0 0.416905 0.74897 1.22709 1.28325 1.80367 2.05418 2.67763 2.68016 3.2213 3.47981 3.9817 3.99261 4.58062 4.77855 5.34903 5.38318 5.91403 6.03917 6.58336 6.61027 7.16704 7.31961 7.94764 7.97798 8.54275 8.722 9.19225 9.22489 9.7565 10.0165 10.5733 10.5975 11.1623 11.2364 11.7648 11.7661 12.3037 12.4966 13.0106 13.1109 13.5788 13.8091 14.226 14.2384 14.8112 15.0724 15.5432 15.5516 15.9811 16.1611 16.5238 16.5738 17.0478 17.3452 17.7577 17.8375 18.2348 18.4949 18.8286 18.8405 19.3065 
3	5	0	64	1 0 3 2 5 7 4 6 9 11 8 10 13 15 12 14 17 19 16 18 21 23 20 22 25 27 24 26 29 28 31 30 33 35 32 34 37 39 36 38 41 40 43 42 45 44 47 46 49 48 51 50 53 52 55 54 57 56 59 58 61 60 63 62 
3	5	0	64	0 0.392267 0.451203 1.06107 1.18174 1.55253 1.71272 2.00273 2.34633 2.92863 2.93028 3.35252 3.5235 4.07645 4.09335 4.54951 4.89921 5.46474 5.47935 5.94008 6.15526 6.57178 6.6207 7.10086 7.42008 7.94864 7.96554 8.37177 8.61058 9.07144 9.18221 9.6827 10.0374 10.561 10.6049 10.9814 11.2702 11.721 11.7303 12.2684 12.453 13.0298 13.0605 13.5134 13.7693 14.1936 14.3356 14.8067 15.2258 15.668 15.7608 16.2179 16.5207 16.8749 17.0664 17.5056 17.9963 18.3996 18.7028 19.0513 19.4802 19.7669 19.8426 20.2993 
3	5	1	64	1 3 0 2 5 7 4 6 9 11 8 10 13 15 12 14 17 19 16 18 21 23 20 22 25 27 24 26 29 31 28 30 33 35 32 34 37 39 36 38 41 40 43 42 45 47 44 46 49 51 48 50 53 52 55 54 57 56 59 58 61 63 60 62 
3	5	1	64	-0.665504 -0.113695 0 0.537328 0.7708 1.23877 1.30712 1.8372 2.0741 2.67736 2.69083 3.28608 3.45972 3.88349 3.97584 4.53832 4.78666 5.35028 5.3687 5.90451 6.02746 6.51868 6.57598 7.15637 7.37002 7.97251 7.99475 8.52484 8.69295 9.14625 9.20774 9.76755 10.0045 10.5441 10.5903 11.0857 11.2102 11.7323 11.7759 12.3307 12.496 13.0228 13.0405 13.5269 13.7593 14.1998 14.2487 14.8024 15.0367 15.4974 15.5215 15.9929 16.1197 16.5455 16.5595 17.0569 17.3113 17.7261 17.8205 18.2345 18.5007 18.7732 18.8667 19.3396 
3	6	0	64	1 0 3 2 5 7 4 6 9 11 8 10 13 15 12 14 17 19 16 18 21 23 20 22 25 27 24 26 29 28 31 30 33 35 32 34 37 39 36 38 41 40 43 42 45 44 47 46 49 48 51 50 53 52 55 54 57 56 59 58 61 60 63 62 
3	6	0	64	0 0.392267 0.451203 1.06107 1.18174 1.55253 1.71272 2.00273 2.34633 2.92863 2.93028 3.35252 3.5235 4.07645 4.09335 4.54951 4.89921 5.46474 5.47935 5.94008 6.15526 6.57178 6.6207 7.10086 7.42008 7.94864 7.96554 8.37177 8.61058 9.07144 9.18221 9.6827 10.0374 10.561 10.6049 10.9814 11.2702 11.721 11.7303 12.2684 12.453 13.0298 13.0605 13.5134 13.7693 14.1936 14.3356 14.8067 15.2258 15.668 15.7608 16.2179 16.5207 16.8749 17.0664 17.5056 17.9963 18.3996 18.7028 19.0513 19.4802 19.7669 19.8426 20.2993 
3	6	1	64	1 3 0 2 5 7 4 6 9 11 8 10 13 15 12 14 17 19 16 18 21 23 20 22 25 27 24 26 29 31 28 30 33 35 32 34 37 39 36 38 41 40 43 42 45 47 44 46 49 51 48 50 53 52 55 54 57 56 59 58 61 63 60 62 
3	6	1	64	-0.665504 -0.113695 0 0.537328 0.7708 1.23877 1.30712 1.8372 2.0741 2.67736 2.69083 3.28608 3.45972 3.88349 3.97584 4.53832 4.78666 5.35028 5.3687 5.90451 6.02746 6.51868 6.57598 7.15637 7.37002 7.97251 7.99475 8.52484 8.69295 9.14625 9.20774 9.76755 10.0045 10.5441 10.5903 11.0857 11.2102 11.7323 11.7759 12.3307 12.496 13.0228 13.0405 13.5269 13.7593 14.1998 14.2487 14.8024 15.0367 15.4974 15.5215 15.9929 16.1197 16.5455 16.5595 17.0569 17.3113 17.7261 17.8205 18.2345 18.5007 18.7732 18.8667 19.3396 
3	7	0	64	1 0 3 2 5 7 4 6 9 11 8 10 13 15 12 14 17 19 16 18 21 23 20 22 25 27 24 26 29 28 31 30 33 35 32 34 37 39 36 38 41 40 43 42 45 44 47 46 49 48 51 50 53 52 55 54 57 56 59 58 61 60 63 62 
3	7	0	64	0 0.392267 0.451203 1.06107 1.18174 1.55253 1.71272 2.00273 2.34633 2.92863 2.93028 3.35252 3.5235 4.07645 4.09335 4.54951 4.89921 5.46474 5.47935 5.94008 6.15526 6.57178 6.6207 7.10086 7.42008 7.94864 7.96554 8.37177 8.61058 9.07144 9.18221 9.6827 10.0374 10.561 10.6049 10.9814 11.2702 11.721 11.7303 12.2684 12.453 13.0298 13.0605 13.5134 13.7693 14.1936 14.3356 14.8067 15.2258 15.668 15.7608 16.2179 16.5207 16.8749 17.0664 17.5056 17.9963 18.3996 18.7028 19.0513 19.4802 19.7669 19.8426 20.2993 
3	7	1	64	1 3 0 2 5 7 4 6 9 11 8 10 13 15 12 14 17 19 16 18 21 23 20 22 25 27 24 26 29 31 28 30 33 35 32 34 37 39 36 38 41 40 43 42 45 47 44 46 49 51 48 50 53 52 55 54 57 56 59 58 61 63 60 62 
3	7	1	64	-0.665504 -0.113695 0 0.537328 0.7708 1.23877 1.30712 1.8372 2.0741 2.67736 2.69083 3.28608 3.45972 3.88349 3.97584 4.53832 4.78666 5.35028 5.3687 5.90451 6.02746 6.51868 6.57598 7.15637 7.37002 7.97251 7.99475 8.52484 8.69295 9.14625 9.20774 9.76755 10.0045 10.5441 10.5903 11.0857 11.2102 11.7323 11.7759 12.3307 12.496 13.0228 13.0405 13.5269 13.7593 14.1998 14.2487 14.8024 15.0367 15.4974 15.5215 15.9929 16.1197 16.5455 16.5595 17.0569 17.3113 17.7261 17.8205 18.2345 18.5007 18.7732 18.8667 19.3396 
