0	0	0	32	0 2 4 6 8 10 12 14 16 18 20 22 24 26 28 30 32 34 36 38 40 42 44 46 48 50 52 54 56 58 60 62 
0	0	0	32	0 0.584899 1.17093 1.73566 2.32597 2.93752 3.55254 4.21941 4.83126 5.44983 6.05445 6.66989 7.3009 7.95587 8.63068 9.28293 9.94092 10.5688 11.166 11.7638 12.3909 13.0504 13.7191 14.3866 15.0607 15.7016 16.3758 17.1307 17.8279 18.5482 19.2251 19.8796 
0	0	1	32	0 2 4 6 8 10 12 14 16 18 20 22 24 26 28 30 32 34 36 38 40 42 44 46 48 50 52 54 56 58 60 62 
0	0	1	32	0 0.676859 1.39596 2.07577 2.74779 3.42934 4.11651 4.78911 5.43921 6.12508 6.78298 7.46616 8.12334 8.7882 9.41436 10.0627 10.6971 11.3253 11.9376 12.6376 13.2992 13.941 14.5478 15.2065 15.8026 16.3822 16.9646 17.5839 18.1871 18.7954 19.3845 19.9616 
0	1	0	32	0 2 4 6 8 10 12 14 16 18 20 22 24 26 28 30 32 34 36 38 40 42 44 46 48 50 52 54 56 58 60 62 
0	1	0	32	0 0.601304 1.19161 1.75679 2.35041 2.96385 3.57074 4.22983 4.85914 5.47372 6.07432 6.69914 7.3349 7.98186 8.65718 9.30812 9.97513 10.6023 11.1934 11.8079 12.4243 13.0879 13.7399 14.4292 15.1083 15.7365 16.4059 17.1685 17.9054 18.5993 19.2844 19.9433 
0	1	1	32	0 2 4 6 8 10 12 14 16 18 20 22 24 26 28 30 32 34 36 38 40 42 44 46 48 50 52 54 56 58 60 62 
0	1	1	32	0 0.681894 1.40915 2.1073 2.78435 3.46535 4.131 4.82878 5.46796 6.14622 6.81135 7.52327 8.2219 8.86118 9.47316 10.1357 10.7778 11.4047 11.9681 12.7009 13.3844 14.0599 14.6177 15.318 15.9774 16.5011 17.0319 17.6382 18.2485 18.8851 19.447 19.9886 
0	2	0	32	0 2 4 6 8 10 12 14 16 18 20 22 24 26 28 30 32 34 36 38 40 42 44 46 48 50 52 54 56 58 60 62 
0	2	0	32	0 0.648083 1.23174 1.78751 2.37668 3.00715 3.59692 4.28619 4.95745 5.55059 6.12324 6.75395 7.42431 8.05506 8.74574 9.39817 10.1304 10.7042 11.3192 11.8877 12.5532 13.2129 13.8497 14.5478 15.2248 15.8406 16.5098 17.3002 18.1363 18.7751 19.4672 20.0987 
0	2	1	32	0 2 4 6 8 10 12 14 16 18 20 22 24 26 28 30 32 34 36 38 40 42 44 46 48 50 52 54 56 58 60 62 
0	2	1	32	0.0360805 0.689647 1.44197 2.09231 2.82706 3.52022 4.15821 4.90122 5.59038 6.18831 6.85469 7.57857 8.46533 8.95359 9.58923 10.1978 10.9114 11.6432 12.0696 12.7895 13.575 14.1748 14.7641 15.4376 16.2468 16.6661 17.1546 17.6978 18.3607 18.9484 19.5926 19.9876 
0	3	0	32	0 2 4 6 8 10 12 14 16 18 20 22 24 26 28 30 32 34 36 38 40 42 44 46 48 50 52 54 56 58 60 62 
0	3	0	32	0.0351994 0.70036 1.29676 1.81398 2.45586 3.08151 3.6475 4.37279 5.12369 5.65713 6.23107 6.81771 7.62744 8.17992 8.94425 9.52255 10.3323 10.8542 11.5172 12.0178 12.7717 13.3415 14.0291 14.6875 15.5189 16.01 16.6677 17.4489 18.4172 18.967 19.7589 20.2755 
0	3	1	32	0 2 4 6 8 10 12 14 16 18 20 22 24 26 28 30 32 34 36 38 40 42 44 46 48 50 52 54 56 58 60 62 
0	3	1	32	0.380449 0.926054 1.77966 2.28237 3.20224 3.80794 4.46718 5.14383 5.95206 6.45367 7.22819 7.81164 8.69262 9.2526 9.87156 10.4605 11.2358 11.922 12.3621 13.0321 13.8741 14.4799 15.0584 15.703 16.4201 16.9309 17.4399 17.9059 18.6547 19.2398 19.778 20.1627 
0	4	0	32	0 2 4 6 8 10 12 14 16 18 20 22 24 26 28 30 32 34 36 38 40 42 44 46 48 50 52 54 56 58 60 62 
0	4	0	32	0.115405 0.771451 1.38514 1.83825 2.55863 3.08353 3.71863 4.43467 5.3092 5.73574 6.37141 6.8704 7.7539 8.2103 9.02416 9.60141 10.5245 10.9265 11.634 12.1043 12.8862 13.4564 14.1254 14.7409 15.6436 16.0923 16.8054 17.4687 18.4659 19.0808 19.85 20.3238 
0	4	1	32	0 2 4 6 8 10 12 14 16 18 20 22 24 26 28 30 32 34 36 38 40 42 44 46 48 50 52 54 56 58 60 62 
0	4	1	32	0.535314 1.03816 1.86913 2.43057 3.27625 3.9016 4.60453 5.2838 6.07186 6.56879 7.34813 7.9076 8.77248 9.2796 9.95793 10.5329 11.3184 11.892 12.4946 13.0848 13.9028 14.4914 15.1292 15.7153 16.4771 16.9136 17.4553 17.9693 18.7162 19.2755 19.8481 20.2498 
0	5	0	32	0 2 4 6 8 10 12 14 16 18 20 22 24 26 28 30 32 34 36 38 40 42 44 46 48 50 52 54 56 58 60 62 
0	5	0	32	0.264913 0.860898 1.51656 1.83709 2.70754 3.19638 3.85833 4.46729 5.40921 5.83789 6.52803 6.99634 7.84151 8.34453 9.13491 9.67385 10.6043 11.028 11.7281 12.2102 12.9667 13.5197 14.2338 14.866 15.6888 16.1892 16.9096 17.542 18.5038 19.142 19.8717 20.3641 
0	5	1	32	0 2 4 6 8 10 12 14 16 18 20 22 24 26 28 30 32 34 36 38 40 42 44 46 48 50 52 54 56 58 60 62 
0	5	1	32	0.528496 1.09974 1.96759 2.48068 3.31981 3.94076 4.61759 5.2686 6.07586 6.64657 7.36983 7.95017 8.77541 9.30087 9.99944 10.5483 11.3306 11.9215 12.4869 13.0938 13.8814 14.4773 15.1182 15.7143 16.4496 16.8793 17.4807 17.9835 18.7053 19.2726 19.8633 20.2581 
0	6	0	32	0 2 4 6 8 10 12 14 16 18 20 22 24 26 28 30 32 34 36 38 40 42 44 46 48 50 52 54 56 58 60 62 
0	6	0	32	0.264913 0.860898 1.51656 1.83709 2.70754 3.19638 3.85833 4.46729 5.40921 5.83789 6.52803 6.99634 7.84151 8.34453 9.13491 9.67385 10.6043 11.028 11.7281 12.2102 12.9667 13.5197 14.2338 14.866 15.6888 16.1892 16.9096 17.542 18.5038 19.142 19.8717 20.3641 
0	6	1	32	0 2 4 6 8 10 12 14 16 18 20 22 24 26 28 30 32 34 36 38 40 42 44 46 48 50 52 54 56 58 60 62 
0	6	1	32	0.528496 1.09974 1.96759 2.48068 3.31981 3.94076 4.61759 5.2686 6.07586 6.64657 7.36983 7.95017 8.77541 9.30087 9.99944 10.5483 11.3306 11.9215 12.4869 13.0938 13.8814 14.4773 15.1182 15.7143 16.4496 16.8793 17.4807 17.9835 18.7053 19.2726 19.8633 20.2581 
0	7	0	32	0 2 4 6 8 10 12 14 16 18 20 22 24 26 28 30 32 34 36 38 40 42 44 46 48 50 52 54 56 58 60 62 
0	7	0	32	0.264913 0.860898 1.51656 1.83709 2.70754 3.19638 3.85833 4.46729 5.40921 5.83789 6.52803 6.99634 7.84151 8.34453 9.13491 9.67385 10.6043 11.028 11.7281 12.2102 12.9667 13.5197 14.2338 14.866 15.6888 16.1892 16.9096 17.542 18.5038 19.142 19.8717 20.3641 
0	7	1	32	0 2 4 6 8 10 12 14 16 18 20 22 24 26 28 30 32 34 36 38 40 42 44 46 48 50 52 54 56 58 60 62 
0	7	1	32	0.528496 1.09974 1.96759 2.48068 3.31981 3.94076 4.61759 5.2686 6.07586 6.64657 7.36983 7.95017 8.77541 9.30087 9.99944 10.5483 11.3306 11.9215 12.4869 13.0938 13.8814 14.4773 15.1182 15.7143 16.4496 16.8793 17.4807 17.9835 18.7053 19.2726 19.8633 20.2581 
1	0	0	32	0 2 4 6 8 10 12 14 16 18 20 22 24 26 28 30 32 34 36 38 40 42 44 46 48 50 52 54 56 58 60 62 
1	0	0	32	0 0.596568 1.16514 1.75207 2.358 2.95626 3.55813 4.14921 4.78811 5.42231 6.0223 6.62411 7.26677 7.90205 8.56043 9.21371 9.85755 10.4771 11.1353 11.7405 12.372 13.0216 13.7016 14.3895 15.0412 15.6919 16.3872 17.0717 17.7823 18.4688 19.1322 19.7807 
1	0	1	32	0 2 4 6 8 10 12 14 16 18 20 22 24 26 28 30 32 34 36 38 40 42 44 46 48 50 52 54 56 58 60 62 
1	0	1	32	0 0.682521 1.38366 2.0975 2.75516 3.43472 4.10078 4.77341 5.40851 6.07328 6.71361 7.37931 8.03275 8.6875 9.31422 9.96669 10.5955 11.2177 11.8324 12.4704 13.1195 13.7474 14.3783 15.0144 15.6093 16.196 16.751 17.3439 17.9446 18.5575 19.1422 19.7583 
1	1	0	32	0 2 4 6 8 10 12 14 16 18 20 22 24 26 28 30 32 34 36 38 40 42 44 46 48 50 52 54 56 58 60 62 
1	1	0	32	0 0.617186 1.18435 1.75671 2.37774 2.9699 3.58534 4.18132 4.80889 5.44462 6.04885 6.64349 7.29897 7.92989 8.57278 9.25432 9.90189 10.5237 11.1614 11.7843 12.4333 13.0675 13.7278 14.4413 15.0826 15.7342 16.4419 17.143 17.8996 18.5607 19.1966 19.8604 
1	1	1	32	0 2 4 6 8 10 12 14 16 18 20 22 24 26 28 30 32 34 36 38 40 42 44 46 48 50 52 54 56 58 60 62 
1	1	1	32	0 0.695281 1.4008 2.12541 2.80622 3.48869 4.13188 4.82043 5.44678 6.162 6.76034 7.48665 8.11023 8.75992 9.39827 10.0635 10.7033 11.3068 11.9006 12.5467 13.2451 13.8557 14.4786 15.1189 15.7523 16.3318 16.8491 17.4334 18.0188 18.6319 19.2334 19.8095 
1	2	0	32	0 2 4 6 8 10 12 14 16 18 20 22 24 26 28 30 32 34 36 38 40 42 44 46 48 50 52 54 56 58 60 62 
1	2	0	32	0 0.657869 1.22878 1.80328 2.46103 3.01695 3.64141 4.21845 4.88875 5.51626 6.10361 6.73443 7.40199 8.00643 8.67344 9.33791 10.0208 10.6228 11.2844 11.9109 12.5928 13.1986 13.8432 14.5612 15.2123 15.8826 16.6133 17.2652 18.1431 18.7344 19.4072 20.0208 
1	2	1	32	0 2 4 6 8 10 12 14 16 18 20 22 24 26 28 30 32 34 36 38 40 42 44 46 48 50 52 54 56 58 60 62 
1	2	1	32	0.0845916 0.726863 1.47103 2.17492 2.98596 3.56661 4.20694 4.85501 5.6296 6.29544 6.84662 7.57162 8.33631 8.93881 9.51267 10.2052 10.9641 11.4591 12.0445 12.7021 13.4721 14.0286 14.6476 15.2944 15.9955 16.4976 17.0389 17.503 18.1403 18.7284 19.4078 19.8391 
1	3	0	32	0 2 4 6 8 10 12 14 16 18 20 22 24 26 28 30 32 34 36 38 40 42 44 46 48 50 52 54 56 58 60 62 
1	3	0	32	0.052892 0.730931 1.32234 1.84303 2.58673 3.1285 3.73315 4.29599 5.02464 5.64108 6.24713 6.81165 7.64101 8.10811 8.82578 9.49258 10.2269 10.7867 11.4582 12.0471 12.8689 13.3873 14.0233 14.7539 15.4312 16.0608 16.8796 17.433 18.4528 19.0171 19.7027 20.2692 
1	3	1	32	0 2 4 6 8 10 12 14 16 18 20 22 24 26 28 30 32 34 36 38 40 42 44 46 48 50 52 54 56 58 60 62 
1	3	1	32	0.388311 0.950739 1.78582 2.42129 3.29096 3.84132 4.47489 5.11023 5.97168 6.60376 7.14647 7.84895 8.64138 9.18382 9.81381 10.4067 11.2395 11.7274 12.3231 12.9295 13.7255 14.2772 14.9485 15.5107 16.2176 16.722 17.2596 17.7359 18.4281 18.9891 19.5993 20.0255 
1	4	0	32	0 2 4 6 8 10 12 14 16 18 20 22 24 26 28 30 32 34 36 38 40 42 44 46 48 50 52 54 56 58 60 62 
1	4	0	32	0.257385 0.900523 1.47664 2.03506 2.93219 3.40167 4.12987 4.60916 5.40228 5.97294 6.62468 7.11825 8.21164 8.87511 9.62488 10.1749 10.9307 11.7511 12.493 13.0206 14.12 14.6421 15.2686 15.8093 16.7957 17.3642 18.527 19.1031 20.0162 20.4479 21.4437 22.0646 
1	4	1	32	0 2 4 6 8 10 12 14 16 18 20 22 24 26 28 30 32 34 36 38 40 42 44 46 48 50 52 54 56 58 60 62 
1	4	1	32	1.90665 2.46591 3.23008 3.86285 4.49024 4.91975 5.37601 5.9075 6.85123 7.95931 8.27753 8.65103 9.03015 9.24616 9.62935 10.0909 10.8618 11.7446 11.9311 12.102 12.5502 12.8908 13.1604 13.5266 14.3339 15.1013 15.8725 16.3172 17.0513 17.6937 17.945 18.1518 
1	5	0	32	0 2 4 6 8 10 12 14 16 18 20 22 24 26 28 30 32 34 36 38 40 42 44 46 48 50 52 54 56 58 60 62 
1	5	0	32	0 0.554106 1.19892 1.67881 2.83454 3.38169 4.07854 4.63613 5.23933 6.03288 6.71552 7.23522 8.40506 8.84678 9.67214 10.1866 11.1189 12.2093 12.8599 13.4425 14.5763 15.289 15.9034 16.6791 17.4988 18.2778 19.406 19.9823 20.7935 21.1616 22.1644 22.872 
1	5	1	32	0 2 4 6 8 10 12 14 16 18 20 22 24 26 28 30 32 34 36 38 40 42 44 46 48 50 52 54 56 58 60 62 
1	5	1	32	4.40286 4.93288 5.60925 6.06456 6.48528 6.84275 7.23103 7.5807 8.75265 9.9982 10.501 11.0046 11.2281 11.346 11.8281 12.2588 13.2063 14.3043 14.331 14.5916 14.9353 15.2186 15.3709 16.0952 16.7838 17.1842 18.0435 18.508 19.1271 19.494 19.7585 19.9476 
1	6	0	32	0 2 4 6 8 10 12 14 16 18 20 22 24 26 28 30 32 34 36 38 40 42 44 46 48 50 52 54 56 58 60 62 
1	6	0	32	0 0.554106 1.19892 1.67881 2.83454 3.38169 4.07854 4.63613 5.23933 6.03288 6.71552 7.23522 8.40506 8.84678 9.67214 10.1866 11.1189 12.2093 12.8599 13.4425 14.5763 15.289 15.9034 16.6791 17.4988 18.2778 19.406 19.9823 20.7935 21.1616 22.1644 22.872 
1	6	1	32	0 2 4 6 8 10 12 14 16 18 20 22 24 26 28 30 32 34 36 38 40 42 44 46 48 50 52 54 56 58 60 62 
1	6	1	32	4.40286 4.93288 5.60925 6.06456 6.48528 6.84275 7.23103 7.5807 8.75265 9.9982 10.501 11.0046 11.2281 11.346 11.8281 12.2588 13.2063 14.3043 14.331 14.5916 14.9353 15.2186 15.3709 16.0952 16.7838 17.1842 18.0435 18.508 19.1271 19.494 19.7585 19.9476 
1	7	0	32	0 2 4 6 8 10 12 14 16 18 20 22 24 26 28 30 32 34 36 38 40 42 44 46 48 50 52 54 56 58 60 62 
1	7	0	32	0 0.554106 1.19892 1.67881 2.83454 3.38169 4.07854 4.63613 5.23933 6.03288 6.71552 7.23522 8.40506 8.84678 9.67214 10.1866 11.1189 12.2093 12.8599 13.4425 14.5763 15.289 15.9034 16.6791 17.4988 18.2778 19.406 19.9823 20.7935 21.1616 22.1644 22.872 
1	7	1	32	0 2 4 6 8 10 12 14 16 18 20 22 24 26 28 30 32 34 36 38 40 42 44 46 48 50 52 54 56 58 60 62 
1	7	1	32	4.40286 4.93288 5.60925 6.06456 6.48528 6.84275 7.23103 7.5807 8.75265 9.9982 10.501 11.0046 11.2281 11.346 11.8281 12.2588 13.2063 14.3043 14.331 14.5916 14.9353 15.2186 15.3709 16.0952 16.7838 17.1842 18.0435 18.508 19.1271 19.494 19.7585 19.9476 
2	0	0	32	0 2 4 6 8 10 12 14 16 18 20 22 24 26 28 30 32 34 36 38 40 42 44 46 48 50 52 54 56 58 60 62 
2	0	0	32	0 0.585392 1.17146 1.73598 2.32498 2.92556 3.54812 4.17753 4.83262 5.42875 6.0585 6.67753 7.3092 7.96162 8.60924 9.26875 9.90403 10.5135 11.1526 11.7532 12.3836 13.041 13.7028 14.3568 14.9997 15.6454 16.3313 17.0647 17.7794 18.4608 19.123 19.7844 
2	0	1	32	0 2 4 6 8 10 12 14 16 18 20 22 24 26 28 30 32 34 36 38 40 42 44 46 48 50 52 54 56 58 60 62 
2	0	1	32	0 0.677262 1.3969 2.07434 2.72163 3.41993 4.1115 4.77415 5.41121 6.0877 6.7593 7.42861 8.08564 8.75886 9.37275 10.0056 10.6575 11.3124 11.9287 12.589 13.2615 13.9172 14.5132 15.1628 15.7788 16.3505 16.897 17.512 18.1066 18.7194 19.3046 19.9361 
2	1	0	32	0 2 4 6 8 10 12 14 16 18 20 22 24 26 28 30 32 34 36 38 40 42 44 46 48 50 52 54 56 58 60 62 
2	1	0	32	0 0.602424 1.18284 1.75252 2.35283 2.95346 3.56971 4.19462 4.87054 5.46198 6.09343 6.70664 7.36767 7.99882 8.65869 9.3188 9.99708 10.5794 11.2051 11.813 12.4474 13.1152 13.7855 14.4226 15.0656 15.7033 16.3685 17.1345 17.9416 18.5844 19.2316 19.8966 
2	1	1	32	0 2 4 6 8 10 12 14 16 18 20 22 24 26 28 30 32 34 36 38 40 42 44 46 48 50 52 54 56 58 60 62 
2	1	1	32	0 0.653447 1.39222 2.10452 2.73437 3.44421 4.10474 4.79631 5.45203 6.14591 6.80032 7.49556 8.19756 8.8635 9.49044 10.0865 10.7529 11.4143 11.9866 12.6663 13.3804 14.0709 14.6123 15.2908 16.0308 16.5084 16.9804 17.5577 18.1827 18.8269 19.3549 20.0087 
2	2	0	32	0 2 4 6 8 10 12 14 16 18 20 22 24 26 28 30 32 34 36 38 40 42 44 46 48 50 52 54 56 58 60 62 
2	2	0	32	0 0.644721 1.21145 1.78792 2.39398 3.01575 3.63929 4.25837 4.97606 5.54539 6.1773 6.80582 7.53161 8.09951 8.80014 9.43763 10.2231 10.7182 11.3812 11.9529 12.6577 13.2874 14.0156 14.5522 15.2511 15.8374 16.4868 17.2699 18.2429 18.8346 19.4955 20.1062 
2	2	1	32	0 2 4 6 8 10 12 14 16 18 20 22 24 26 28 30 32 34 36 38 40 42 44 46 48 50 52 54 56 58 60 62 
2	2	1	32	0.16242 0.757882 1.58132 2.21376 3.04614 3.64453 4.28063 4.96091 5.70284 6.33029 7.01723 7.67468 8.49186 9.12283 9.7483 10.32 11.1353 11.6928 12.2648 12.9 13.7319 14.28 14.9715 15.5773 16.3457 16.7462 17.2757 17.7784 18.4265 19.0077 19.5715 20.1402 
2	3	0	32	0 2 4 6 8 10 12 14 16 18 20 22 24 26 28 30 32 34 36 38 40 42 44 46 48 50 52 54 56 58 60 62 
2	3	0	32	0.0682285 0.727233 1.2902 1.87961 2.54384 3.14114 3.77158 4.33703 5.21057 5.6522 6.35919 6.91101 7.86486 8.27501 9.03343 9.61558 10.5332 10.8712 11.5793 12.1685 12.9374 13.4978 14.2783 14.7429 15.5715 16.0945 16.7682 17.4753 18.5356 19.1333 19.7957 20.3387 
2	3	1	32	0 2 4 6 8 10 12 14 16 18 20 22 24 26 28 30 32 34 36 38 40 42 44 46 48 50 52 54 56 58 60 62 
2	3	1	32	0.505214 1.05868 1.88349 2.50419 3.27988 3.91125 4.57868 5.21778 6.04221 6.60915 7.34083 7.95516 8.76758 9.3491 10.0205 10.5563 11.3789 11.9144 12.5087 13.1226 13.9202 14.5081 15.1493 15.7655 16.4866 16.9648 17.4704 17.9851 18.6667 19.2388 19.844 20.3434 
2	4	0	32	0 2 4 6 8 10 12 14 16 18 20 22 24 26 28 30 32 34 36 38 40 42 44 46 48 50 52 54 56 58 60 62 
2	4	0	32	0 0.581582 1.23331 1.76569 2.50445 3.30497 4.0615 4.56397 5.45827 5.9434 6.75867 7.15684 8.40053 8.78947 9.67378 10.1288 11.0654 11.7645 12.5148 13.0255 13.9788 14.477 15.0887 15.8077 16.6695 17.2775 18.1608 18.9283 20.0386 20.4967 21.2178 21.8046 
2	4	1	32	0 2 4 6 8 10 12 14 16 18 20 22 24 26 28 30 32 34 36 38 40 42 44 46 48 50 52 54 56 58 60 62 
2	4	1	32	1.47589 2.23975 3.02064 3.85472 4.27893 5.00664 5.66533 6.17189 7.04162 7.94857 8.56457 9.17651 9.65923 10.0873 10.7215 11.3091 12.282 13.3688 13.6162 14.1365 14.6841 14.9275 15.1884 15.7258 16.3976 16.9658 17.7442 18.2795 18.9285 19.7862 20.0008 20.24 
2	5	0	32	0 2 4 6 8 10 12 14 16 18 20 22 24 26 28 30 32 34 36 38 40 42 44 46 48 50 52 54 56 58 60 62 
2	5	0	32	0 0.566342 1.17364 1.7636 2.80177 3.27315 3.93477 4.44331 5.17034 5.97231 6.87298 7.53466 8.68127 9.12959 9.87954 10.3714 11.4311 12.6964 13.5409 14.2051 14.9855 15.4706 16.084 16.5779 17.7423 18.8607 19.6576 20.3686 20.9171 21.4153 22.0826 22.968 
2	5	1	32	0 2 4 6 8 10 12 14 16 18 20 22 24 26 28 30 32 34 36 38 40 42 44 46 48 50 52 54 56 58 60 62 
2	5	1	32	2.12824 3.12618 3.95845 4.43292 5.29745 5.88347 6.53952 7.07858 7.93925 8.86864 9.40598 9.8674 10.3352 10.7257 11.2169 11.6415 12.7758 14.3402 14.8145 15.4117 16.1658 16.3812 16.8071 17.2237 18.0647 18.7466 19.3305 19.8485 20.5309 20.9936 21.2515 21.32 
2	6	0	32	0 2 4 6 8 10 12 14 16 18 20 22 24 26 28 30 32 34 36 38 40 42 44 46 48 50 52 54 56 58 60 62 
2	6	0	32	0 0.566342 1.17364 1.7636 2.80177 3.27315 3.93477 4.44331 5.17034 5.97231 6.87298 7.53466 8.68127 9.12959 9.87954 10.3714 11.4311 12.6964 13.5409 14.2051 14.9855 15.4706 16.084 16.5779 17.7423 18.8607 19.6576 20.3686 20.9171 21.4153 22.0826 22.968 
2	6	1	32	0 2 4 6 8 10 12 14 16 18 20 22 24 26 28 30 32 34 36 38 40 42 44 46 48 50 52 54 56 58 60 62 
2	6	1	32	2.12824 3.12618 3.95845 4.43292 5.29745 5.88347 6.53952 7.07858 7.93925 8.86864 9.40598 9.8674 10.3352 10.7257 11.2169 11.6415 12.7758 14.3402 14.8145 15.4117 16.1658 16.3812 16.8071 17.2237 18.0647 18.7466 19.3305 19.8485 20.5309 20.9936 21.2515 21.32 
2	7	0	32	0 2 4 6 8 10 12 14 16 18 20 22 24 26 28 30 32 34 36 38 40 42 44 46 48 50 52 54 56 58 60 62 
2	7	0	32	0 0.566342 1.17364 1.7636 2.80177 3.27315 3.93477 4.44331 5.17034 5.97231 6.87298 7.53466 8.68127 9.12959 9.87954 10.3714 11.4311 12.6964 13.5409 14.2051 14.9855 15.4706 16.084 16.5779 17.7423 18.8607 19.6576 20.3686 20.9171 21.4153 22.0826 22.968 
2	7	1	32	0 2 4 6 8 10 12 14 16 18 20 22 24 26 28 30 32 34 36 38 40 42 44 46 48 50 52 54 56 58 60 62 
2	7	1	32	2.12824 3.12618 3.95845 4.43292 5.29745 5.88347 6.53952 7.07858 7.93925 8.86864 9.40598 9.8674 10.3352 10.7257 11.2169 11.6415 12.7758 14.3402 14.8145 15.4117 16.1658 16.3812 16.8071 17.2237 18.0647 18.7466 19.3305 19.8485 20.5309 20.9936 21.2515 21.32 
3	0	0	32	0 2 4 6 8 10 12 14 16 18 20 22 24 26 28 30 32 34 36 38 40 42 44 46 48 50 52 54 56 58 60 62 
3	0	0	32	0 0.596627 1.19107 1.75567 2.36798 3.0052 3.59971 4.22602 4.89126 5.5303 6.14798 6.75716 7.39212 8.02872 8.6839 9.34371 10.009 10.6359 11.2712 11.8869 12.5202 13.1599 13.8086 14.4794 15.1323 15.7912 16.485 17.1722 17.8832 18.5839 19.2447 19.9136 
3	0	1	32	0 2 4 6 8 10 12 14 16 18 20 22 24 26 28 30 32 34 36 38 40 42 44 46 48 50 52 54 56 58 60 62 
3	0	1	32	0 0.683896 1.36146 2.04322 2.70023 3.36516 4.04176 4.73707 5.37552 6.05105 6.70369 7.38531 8.04838 8.71312 9.33902 10.0017 10.6267 11.2576 11.8843 12.5281 13.2247 13.8611 14.4588 15.0882 15.6656 16.2675 16.8379 17.4567 18.023 18.62 19.2214 19.8771 
3	1	0	32	0 2 4 6 8 10 12 14 16 18 20 22 24 26 28 30 32 34 36 38 40 42 44 46 48 50 52 54 56 58 60 62 
3	1	0	32	0 0.636205 1.21535 1.7929 2.40659 3.043 3.63466 4.25437 4.93309 5.57777 6.1949 6.80875 7.44035 8.06939 8.72056 9.3905 10.0772 10.707 11.3314 11.9656 12.582 13.2343 13.8661 14.5449 15.2135 15.8459 16.5546 17.2456 18.0167 18.6952 19.3308 20.0286 
3	1	1	32	0 2 4 6 8 10 12 14 16 18 20 22 24 26 28 30 32 34 36 38 40 42 44 46 48 50 52 54 56 58 60 62 
3	1	1	32	0 0.736099 1.38396 2.11877 2.76941 3.39203 4.08291 4.79824 5.45871 6.0901 6.75236 7.42658 8.14188 8.83166 9.41713 10.1178 10.7443 11.3604 12.0243 12.6384 13.3316 13.9933 14.637 15.2331 15.9162 16.4287 16.9278 17.5482 18.1167 18.7328 19.2977 19.9495 
3	2	0	32	0 2 4 6 8 10 12 14 16 18 20 22 24 26 28 30 32 34 36 38 40 42 44 46 48 50 52 54 56 58 60 62 
3	2	0	32	0 0.653507 1.24614 1.82097 2.45419 3.08872 3.70329 4.30872 5.0283 5.66157 6.24041 6.8761 7.57132 8.15694 8.83507 9.49022 10.2965 10.8586 11.4848 12.1323 12.8077 13.4318 13.9981 14.62 15.3824 15.9983 16.737 17.3929 18.3085 18.8714 19.5629 20.2036 
3	2	1	32	0 2 4 6 8 10 12 14 16 18 20 22 24 26 28 30 32 34 36 38 40 42 44 46 48 50 52 54 56 58 60 62 
3	2	1	32	0.0852142 0.841423 1.45638 2.21471 3.04703 3.50147 4.22971 4.95983 5.67813 6.2196 6.88192 7.56794 8.32555 8.99911 9.65734 10.3361 11.0296 11.5614 12.313 12.7669 13.5662 14.1967 14.9352 15.4172 16.2092 16.6718 17.1513 17.7092 18.3586 18.8601 19.4475 20.0841 
3	3	0	32	0 2 4 6 8 10 12 14 16 18 20 22 24 26 28 30 32 34 36 38 40 42 44 46 48 50 52 54 56 58 60 62 
3	3	0	32	0.0553698 0.760661 1.32566 1.88973 2.58564 3.16701 3.7924 4.39765 5.2853 5.82909 6.43765 7.0227 7.7888 8.31101 9.06402 9.65945 10.6085 11.0738 11.689 12.3021 13.114 13.683 14.2089 14.8048 15.7279 16.2171 16.985 17.51 18.6002 19.1728 19.8191 20.3863 
3	3	1	32	0 2 4 6 8 10 12 14 16 18 20 22 24 26 28 30 32 34 36 38 40 42 44 46 48 50 52 54 56 58 60 62 
3	3	1	32	0.425108 1.08213 1.77794 2.49283 3.29389 3.78968 4.53444 5.20295 6.00894 6.50678 7.20868 7.8104 8.6282 9.22197 9.9033 10.5364 11.2539 11.7936 12.5169 12.9523 13.8316 14.4029 15.1051 15.5934 16.3416 16.8326 17.3535 17.9059 18.5484 19.0841 19.676 20.2346 
3	4	0	32	0 2 4 6 8 10 12 14 16 18 20 22 24 26 28 30 32 34 36 38 40 42 44 46 48 50 52 54 56 58 60 62 
3	4	0	32	0.194069 0.846978 1.50539 1.97106 2.79874 3.25515 3.93878 4.48074 5.45481 5.97511 6.6331 7.15013 7.94378 8.44564 9.24644 9.78657 10.6879 11.2141 11.8546 12.381 13.1707 13.7316 14.3201 14.9008 15.8232 16.3104 17.0909 17.6009 18.658 19.2093 19.9178 20.4703 
3	4	1	32	0 2 4 6 8 10 12 14 16 18 20 22 24 26 28 30 32 34 36 38 40 42 44 46 48 50 52 54 56 58 60 62 
3	4	1	32	0.527666 1.16932 1.88588 2.50997 3.3321 3.81499 4.58423 5.26063 6.02251 6.5478 7.26471 7.88227 8.67318 9.27112 9.92969 10.5085 11.2789 11.8231 12.4808 13.0203 13.8365 14.4095 15.116 15.566 16.3184 16.8073 17.3471 17.896 18.536 19.0952 19.7112 20.2188 
3	5	0	32	0 2 4 6 8 10 12 14 16 18 20 22 24 26 28 30 32 34 36 38 40 42 44 46 48 50 52 54 56 58 60 62 
3	5	0	32	0.371046 0.934071 1.62849 2.12362 2.87606 3.32408 4.06239 4.53459 5.54421 6.04332 6.74553 7.21329 8.04068 8.52365 9.30365 9.86392 10.749 11.236 11.9341 12.43 13.2161 13.761 14.4148 14.9648 15.9016 16.3599 17.1108 17.6335 18.6462 19.2424 19.9553 20.4671 
3	5	1	32	0 2 4 6 8 10 12 14 16 18 20 22 24 26 28 30 32 34 36 38 40 42 44 46 48 50 52 54 56 58 60 62 
3	5	1	32	0.594051 1.20659 1.91475 2.52717 3.31578 3.85588 4.61032 5.24438 6.04095 6.58282 7.28868 7.9017 8.64892 9.28088 9.95656 10.5308 11.2889 11.8428 12.5088 13.006 13.8164 14.4066 15.0699 15.5935 16.3013 16.8166 17.349 17.8785 18.5631 19.0707 19.7023 20.2026 
3	6	0	32	0 2 4 6 8 10 12 14 16 18 20 22 24 26 28 30 32 34 36 38 40 42 44 46 48 50 52 54 56 58 60 62 
3	6	0	32	0.371046 0.934071 1.62849 2.12362 2.87606 3.32408 4.06239 4.53459 5.54421 6.04332 6.74553 7.21329 8.04068 8.52365 9.30365 9.86392 10.749 11.236 11.9341 12.43 13.2161 13.761 14.4148 14.9648 15.9016 16.3599 17.1108 17.6335 18.6462 19.2424 19.9553 20.4671 
3	6	1	32	0 2 4 6 8 10 12 14 16 18 20 22 24 26 28 30 32 34 36 38 40 42 44 46 48 50 52 54 56 58 60 62 
3	6	1	32	0.594051 1.20659 1.91475 2.52717 3.31578 3.85588 4.61032 5.24438 6.04095 6.58282 7.28868 7.9017 8.64892 9.28088 9.95656 10.5308 11.2889 11.8428 12.5088 13.006 13.8164 14.4066 15.0699 15.5935 16.3013 16.8166 17.349 17.8785 18.5631 19.0707 19.7023 20.2026 
3	7	0	32	0 2 4 6 8 10 12 14 16 18 20 22 24 26 28 30 32 34 36 38 40 42 44 46 48 50 52 54 56 58 60 62 
3	7	0	32	0.371046 0.934071 1.62849 2.12362 2.87606 3.32408 4.06239 4.53459 5.54421 6.04332 6.74553 7.21329 8.04068 8.52365 9.30365 9.86392 10.749 11.236 11.9341 12.43 13.2161 13.761 14.4148 14.9648 15.9016 16.3599 17.1108 17.6335 18.6462 19.2424 19.9553 20.4671 
3	7	1	32	0 2 4 6 8 10 12 14 16 18 20 22 24 26 28 30 32 34 36 38 40 42 44 46 48 50 52 54 56 58 60 62 
3	7	1	32	0.594051 1.20659 1.91475 2.52717 3.31578 3.85588 4.61032 5.24438 6.04095 6.58282 7.28868 7.9017 8.64892 9.28088 9.95656 10.5308 11.2889 11.8428 12.5088 13.006 13.8164 14.4066 15.0699 15.5935 16.3013 16.8166 17.349 17.8785 18.5631 19.0707 19.7023 20.2026 
